timestamps,,,,,,,,,Marker
41330.136,72156.930,71683.523,54774.762,48880.426,61445.551,52901.438,51884.098,41413.223,0
41330.136,72151.609,71712.688,54791.949,48886.305,61458.668,52908.324,51903.836,41431.730,0
41330.136,72147.344,71720.398,54818.168,48892.496,61473.914,52914.379,51926.141,41457.098,0
41330.136,72148.703,71704.086,54810.055,48887.445,61463.297,52908.344,51916.441,41450.863,0
41330.136,72149.375,71685.508,54782.406,48873.742,61444.363,52895.539,51890.469,41422.922,0
41330.136,72135.852,71685.195,54777.219,48872.938,61441.348,52890.465,51883.605,41411.570,0
41330.136,72148.883,71677.484,54796.039,48887.848,61454.266,52907.137,51903.969,41431.551,0
41330.137,72154.852,71696.305,54819.844,48896.543,61475.164,52910.109,51930.188,41457.973,0
41330.137,72157.039,71693.602,54811.684,48893.012,61478.809,52913.285,51926.254,41457.637,0
41330.137,72153.602,71675.945,54786.562,48879.422,61452.879,52898.266,51901.043,41430.770,0
41330.137,72144.367,71663.047,54777.754,48883.602,61443.312,52897.215,51891.074,41420.152,0
41330.137,72142.469,71702.656,54798.074,48893.859,61461.555,52900.680,51917.918,41443.285,0
41330.137,72145.867,71708.062,54822.906,48897.480,61479.324,52905.484,51944.695,41471.004,0
41330.137,72152.461,71664.008,54805.336,48880.070,61464.949,52892.699,51927.953,41457.949,0
41330.137,72149.617,71653.945,54784.594,48871.395,61443.066,52885.523,51899.969,41426.453,0
41330.137,72130.938,71667.094,54778.469,48880.137,61430.371,52883.891,51890.023,41415.703,0
41330.197,72136.477,71662.508,54798.387,48890.617,61447.762,52891.871,51912.105,41436.043,0
41330.197,72146.180,71672.906,54822.773,48891.848,61470.000,52907.250,51933.430,41459.781,0
41330.197,72162.695,71682.828,54813.406,48884.629,61469.891,52928.172,51924.199,41452.965,0
41330.197,72130.352,71661.391,54782.539,48876.379,61445.125,52895.762,51895.340,41424.039,0
41330.198,72129.016,71653.789,54767.453,48878.793,61428.426,52881.188,51883.875,41413.266,0
41330.198,72142.312,71671.000,54793.805,48887.199,61447.383,52888.809,51909.734,41438.258,0
41330.198,72151.008,71674.180,54826.102,48899.090,61464.793,52904.746,51937.766,41469.660,0
41330.198,72152.172,71652.969,54816.512,48894.418,61454.398,52900.969,51931.215,41467.223,0
41330.198,72139.562,71634.906,54786.293,48876.871,61434.953,52877.609,51901.801,41436.199,0
41330.198,72136.141,71637.633,54772.973,48864.891,61437.680,52869.004,51888.098,41419.191,0
41330.198,72149.844,71681.734,54795.859,48875.891,61453.238,52884.766,51911.590,41439.016,0
41330.199,72154.133,71650.078,54819.977,48880.605,61466.648,52903.984,51933.004,41460.051,0
41330.199,72124.250,71620.484,54805.562,48872.961,61461.082,52905.887,51924.375,41454.953,0
41330.199,72122.773,71617.469,54781.242,48873.004,61454.559,52891.223,51898.492,41432.066,0
41330.199,72128.945,71616.617,54773.688,48880.137,61438.418,52870.949,51889.664,41421.090,0
41330.257,72127.602,71615.008,54793.512,48890.395,61440.340,52880.359,51910.562,41439.219,0
41330.257,72134.648,71632.555,54821.094,48892.988,61468.414,52892.340,51935.707,41462.598,0
41330.257,72138.492,71647.734,54816.445,48890.664,61469.266,52893.973,51929.785,41461.906,0
41330.257,72143.164,71635.734,54795.547,48884.160,61449.438,52878.684,51906.473,41440.426,0
41330.257,72135.469,71631.531,54775.566,48874.348,61432.695,52869.879,51888.973,41418.141,0
41330.257,72141.773,71666.531,54791.949,48883.176,61448.543,52887.469,51911.301,41434.234,0
41330.258,72136.859,71654.906,54823.020,48893.859,61476.617,52895.492,51943.910,41464.832,0
41330.258,72127.875,71617.070,54817.070,48885.949,61468.371,52884.539,51941.207,41464.566,0
41330.258,72120.141,71606.586,54792.551,48877.586,61445.816,52884.809,51917.312,41441.273,0
41330.258,72114.867,71592.234,54772.211,48869.922,61427.289,52878.797,51898.715,41422.164,0
41330.258,72115.914,71609.938,54791.031,48883.957,61446.801,52897.148,51922.344,41443.508,0
41330.258,72125.258,71633.297,54825.766,48894.574,61481.000,52903.516,51952.383,41473.148,0
41330.258,72136.344,71624.312,54815.551,48880.648,61470.984,52876.336,51939.418,41465.684,0
41330.258,72116.898,71609.961,54780.461,48868.578,61441.324,52865.207,51900.641,41430.277,0
41330.258,72093.695,71607.523,54764.145,48870.703,61427.645,52858.320,51883.293,41413.156,0
41330.317,72098.414,71631.398,54788.395,48886.371,61457.129,52875.598,51911.793,41438.414,0
41330.317,72112.430,71619.305,54814.570,48893.414,61474.562,52888.207,51936.805,41466.129,0
41330.318,72099.328,71617.961,54804.531,48879.934,61460.637,52882.641,51925.809,41461.613,0
41330.318,72079.812,71634.500,54773.820,48857.695,61434.129,52872.223,51892.168,41432.199,0
41330.318,72067.453,71590.492,54753.684,48851.660,61414.234,52859.484,51877.930,41419.883,0
41330.318,72092.492,71588.281,54774.805,48866.031,61434.531,52868.559,51902.629,41442.750,0
41330.318,72099.109,71610.203,54796.820,48864.020,61451.672,52885.410,51922.633,41464.496,0
41330.318,72105.031,71607.945,54792.508,48862.613,61449.191,52897.281,51917.469,41464.633,0
41330.318,72101.477,71584.234,54774.715,48857.180,61435.535,52865.586,51896.594,41437.832,0
41330.318,72092.961,71566.398,54762.422,48853.270,61430.773,52850.051,51879.383,41412.262,0
41330.318,72098.078,71570.664,54783.320,48869.652,61452.254,52863.707,51906.227,41432.266,0
41330.318,72105.766,71603.055,54808.223,48881.008,61454.625,52871.262,51939.082,41465.527,0
41330.318,72096.914,71599.656,54799.480,48875.352,61441.883,52861.742,51930.566,41460.965,0
41330.318,72083.906,71596.523,54770.535,48864.086,61421.500,52853.785,51897.086,41426.699,0
41330.318,72095.281,71584.547,54759.895,48864.914,61411.195,52853.113,51877.504,41404.504,0
41330.377,72098.078,71573.508,54779.566,48880.895,61419.398,52870.547,51898.961,41423.727,0
41330.377,72100.109,71566.914,54801.293,48886.953,61431.332,52879.711,51925.180,41449.434,0
41330.377,72095.148,71573.508,54790.250,48876.941,61425.812,52873.590,51917.691,41443.664,0
41330.378,72083.992,71590.047,54762.555,48872.781,61399.973,52872.672,51889.082,41421.137,0
41330.378,72088.336,71563.422,54747.805,48870.590,61377.422,52873.566,51869.547,41402.492,0
41330.378,72072.195,71561.680,54761.977,48873.117,61391.168,52876.828,51887.117,41416.867,0
41330.379,72075.633,71575.742,54790.137,48880.113,61416.805,52895.539,51914.250,41448.137,0
41330.379,72078.992,71600.125,54783.141,48877.656,61410.926,52887.199,51909.715,41450.348,0
41330.380,72064.102,71557.766,54752.164,48866.234,61372.480,52860.488,51874.668,41421.293,0
41330.380,72059.430,71542.969,54736.984,48861.562,61352.273,52857.137,51859.938,41404.484,0
41330.380,72064.484,71550.906,54751.738,48866.859,61363.941,52876.805,51875.984,41424.039,0
41330.381,72049.328,71539.617,54771.340,48872.336,61384.262,52888.387,51899.699,41448.336,0
41330.381,72036.586,71525.312,54754.645,48857.629,61372.816,52867.195,51887.941,41439.887,0
41330.381,72030.125,71520.062,54713.426,48827.520,61343.090,52846.051,51848.133,41400.438,0
41330.382,72038.758,71507.055,54703.523,48828.234,61340.250,52844.977,51838.949,41386.668,0
41330.437,72043.492,71514.430,54729.387,48846.699,61366.895,52864.781,51866.867,41410.383,0
41330.437,72058.625,71529.383,54758.602,48855.191,61397.492,52877.121,51897.598,41437.406,0
41330.437,72072.148,71536.266,54753.145,48848.754,61380.461,52881.074,51897.352,41440.270,0
41330.437,72043.336,71511.141,54725.965,48841.691,61349.215,52863.016,51869.191,41415.234,0
41330.438,72020.516,71491.984,54713.426,48841.422,61341.367,52864.492,51857.031,41398.090,0
41330.438,72053.617,71507.945,54736.809,48855.527,61359.516,52874.461,51884.746,41421.156,0
41330.438,72073.047,71522.453,54764.637,48859.707,61377.531,52864.336,51907.637,41445.027,0
41330.438,72065.172,71539.148,54754.309,48852.777,61378.246,52860.578,51899.477,41439.039,0
41330.438,72042.312,71504.172,54728.449,48843.656,61362.086,52852.824,51871.113,41410.184,0
41330.439,72044.453,71485.391,54721.875,48846.922,61348.969,52853.582,51860.250,41393.977,0
41330.439,72080.086,71530.453,54745.746,48864.223,61372.973,52875.152,51883.762,41414.789,0
41330.439,72086.188,71550.953,54771.586,48869.141,61397.023,52879.488,51904.418,41434.188,0
41330.439,72055.562,71529.648,54763.270,48869.316,61384.598,52894.934,51897.801,41431.820,0
41330.439,72046.109,71521.672,54738.125,48858.992,61362.734,52884.562,51870.555,41408.105,0
41330.440,72051.047,71526.094,54720.691,48840.730,61348.742,52844.219,51852.559,41393.555,0
41330.497,72071.344,71504.953,54738.773,48855.059,61368.078,52860.402,51873.391,41419.637,0
41330.497,72072.750,71508.773,54755.629,48864.242,61382.652,52891.918,51898.203,41450.773,0
41330.497,72072.508,71509.219,54751.691,48856.332,61371.766,52878.059,51894.984,41450.594,0
41330.497,72045.352,71530.117,54732.805,48849.043,61350.422,52851.324,51872.656,41426.141,0
41330.497,72024.000,71512.016,54717.449,48841.715,61332.137,52845.762,51854.504,41406.449,0
41330.497,72022.258,71502.914,54730.863,48850.723,61344.387,52858.277,51872.410,41422.008,0
41330.497,72031.203,71499.898,54757.594,48859.258,61370.402,52870.391,51902.562,41448.941,0
41330.497,72023.445,71496.438,54748.988,48849.289,61369.887,52875.355,51899.477,41444.270,0
41330.498,72007.242,71476.812,54709.961,48828.258,61334.551,52858.723,51860.184,41403.051,0
41330.498,72023.086,71468.633,54689.199,48820.145,61323.934,52839.234,51840.469,41376.453,0
41330.498,72060.438,71506.766,54710.723,48833.621,61342.262,52857.652,51863.824,41396.281,0
41330.498,72056.617,71518.320,54744.941,48839.590,61360.410,52869.988,51889.777,41421.293,0
41330.498,72035.781,71508.531,54743.422,48840.996,61353.594,52868.938,51887.250,41421.648,0
41330.498,72032.273,71508.125,54722.949,48835.680,61334.258,52854.633,51863.445,41395.832,0
41330.498,72036.055,71507.320,54714.031,48838.203,61330.840,52846.141,51851.176,41378.422,0
41330.557,72057.461,71488.766,54738.418,48861.605,61353.840,52863.844,51878.043,41400.078,0
41330.557,72073.398,71499.047,54771.184,48869.496,61384.418,52887.066,51905.398,41427.750,0
41330.557,72065.891,71518.609,54764.902,48860.043,61386.363,52886.215,51903.859,41431.371,0
41330.557,72059.141,71503.547,54729.496,48844.617,61349.012,52863.238,51871.359,41402.984,0
41330.557,72048.078,71487.273,54716.980,48843.055,61331.176,52861.496,51850.684,41382.578,0
41330.557,72042.312,71508.703,54736.629,48852.105,61335.758,52867.352,51870.867,41401.266,0
41330.557,72050.156,71522.031,54767.273,48863.617,61359.672,52885.168,51902.047,41435.441,0
41330.558,72037.352,71504.148,54758.734,48861.113,61358.242,52872.648,51894.559,41437.809,0
41330.558,72031.266,71482.469,54730.035,48852.621,61334.504,52852.266,51867.559,41411.992,0
41330.558,72027.578,71474.844,54718.145,48856.375,61324.336,52856.379,51854.641,41399.254,0
41330.558,72045.414,71489.883,54733.699,48869.363,61336.406,52871.219,51877.324,41419.348,0
41330.558,72057.688,71511.477,54757.438,48872.223,61352.273,52877.836,51901.555,41442.684,0
41330.558,72065.352,71484.273,54752.273,48864.891,61357.750,52874.480,51896.773,41437.406,0
41330.558,72048.594,71479.852,54721.137,48845.109,61329.477,52857.426,51864.652,41402.941,0
41330.558,72034.508,71488.344,54711.035,48835.297,61316.781,52851.258,51850.480,41381.641,0
41330.618,72034.328,71467.312,54731.176,48848.934,61341.211,52867.195,51872.387,41399.363,0
41330.618,72044.727,71478.148,54763.430,48863.105,61367.117,52878.059,51899.164,41426.523,0
41330.619,72045.461,71471.289,54759.316,48859.371,61358.020,52884.383,51893.172,41427.504,0
41330.619,72021.992,71478.711,54727.375,48846.922,61335.379,52870.883,51864.051,41398.113,0
41330.619,72033.414,71453.164,54712.062,48848.219,61327.688,52847.527,51849.477,41379.852,0
41330.620,72065.914,71439.977,54724.672,48858.031,61336.293,52850.230,51868.074,41396.773,0
41330.620,72072.930,71449.164,54752.586,48867.105,61354.422,52864.469,51897.375,41426.680,0
41330.620,72045.883,71465.141,54755.605,48866.008,61358.734,52867.105,51899.656,41431.574,0
41330.621,72027.891,71469.414,54734.371,48858.590,61335.109,52857.137,51872.051,41405.512,0
41330.621,72038.375,71484.078,54726.281,48858.926,61325.207,52856.914,51854.660,41388.656,0
41330.621,72067.922,71494.086,54745.301,48868.266,61338.148,52865.586,51872.051,41407.523,0
41330.622,72066.742,71470.219,54770.668,48873.520,61354.512,52883.824,51894.023,41429.762,0
41330.622,72056.727,71464.023,54765.930,48871.328,61355.852,52875.285,51897.488,41430.145,0
41330.623,72045.773,71452.250,54733.477,48853.605,61336.293,52846.410,51866.172,41401.777,0
41330.623,72047.875,71461.766,54721.809,48849.648,61329.855,52847.750,51853.789,41386.625,0
41330.677,72056.641,71466.328,54737.879,48859.930,61350.578,52865.855,51876.188,41405.422,0
41330.678,72046.195,71452.422,54761.348,48865.316,61365.328,52886.305,51899.500,41431.438,0
41330.678,72042.891,71455.445,54752.879,48860.668,61357.863,52875.758,51894.113,41430.367,0
41330.678,72049.016,71458.281,54728.938,48853.180,61338.105,52847.078,51868.520,41405.512,0
41330.679,72031.312,71445.812,54714.969,48851.211,61323.398,52836.641,51851.980,41388.902,0
41330.679,72033.594,71452.289,54736.828,48870.750,61342.531,52856.309,51877.750,41412.977,0
41330.679,72039.852,71454.820,54763.316,48877.855,61362.289,52866.637,51903.230,41439.195,0
41330.680,72025.344,71438.453,54755.270,48865.473,61353.816,52856.133,51896.703,41434.727,0
41330.680,72001.227,71421.023,54721.766,48847.770,61326.168,52837.891,51863.848,41401.488,0
41330.681,71988.891,71416.750,54702.855,48844.531,61305.984,52833.242,51849.008,41385.551,0
41330.681,72003.086,71419.633,54720.109,48851.684,61321.633,52840.598,51867.984,41403.320,0
41330.681,71986.969,71406.359,54736.383,48852.508,61326.684,52841.336,51889.730,41428.223,0
41330.682,71952.922,71381.055,54721.988,48847.391,61307.906,52840.016,51887.922,41432.176,0
41330.682,71935.047,71357.250,54688.324,48829.867,61279.789,52820.348,51858.348,41403.074,0
41330.682,71920.227,71339.078,54668.770,48821.129,61253.012,52808.746,51838.121,41382.957,0
41330.738,71906.703,71325.133,54679.051,48825.820,61261.078,52811.047,51856.652,41400.953,0
41330.739,71886.609,71306.938,54693.020,48820.008,61269.707,52808.074,51880.633,41424.957,0
41330.739,71852.547,71274.977,54677.016,48802.977,61248.027,52791.020,51872.789,41424.086,0
41330.739,71823.281,71248.938,54637.902,48793.008,61203.188,52783.398,51836.801,41397.398,0
41330.740,71815.906,71244.289,54618.766,48784.000,61191.836,52786.906,51822.699,41380.434,0
41330.740,71808.016,71242.047,54633.027,48785.297,61215.996,52782.395,51843.285,41395.230,0
41330.741,71810.430,71232.953,54648.922,48784.203,61229.832,52785.969,51864.051,41411.547,0
41330.741,71817.117,71218.289,54642.371,48781.520,61221.383,52793.031,51858.305,41406.586,0
41330.741,71795.367,71248.016,54614.074,48772.805,61203.258,52796.676,51825.402,41376.566,0
41330.742,71777.062,71274.281,54604.238,48782.883,61190.918,52790.527,51812.996,41370.820,0
41330.742,71781.484,71263.758,54613.852,48782.660,61185.688,52785.008,51827.215,41380.051,0
41330.742,71810.477,71269.344,54639.332,48783.754,61203.078,52798.957,51851.598,41404.863,0
41330.743,71799.148,71224.797,54639.109,48783.016,61204.641,52798.238,51854.973,41410.586,0
41330.743,71755.180,71195.156,54611.949,48775.195,61177.215,52781.207,51832.488,41392.391,0
41330.743,71742.391,71185.031,54594.246,48761.715,61163.984,52763.730,51810.293,41364.855,0
41330.797,71751.070,71217.266,54606.273,48776.289,61180.613,52791.223,51827.793,41382.309,0
41330.797,71765.258,71219.680,54629.051,48775.664,61199.480,52792.922,51849.320,41404.035,0
41330.798,71785.664,71226.922,54634.035,48780.402,61195.859,52801.750,51855.777,41410.137,0
41330.798,71771.094,71241.578,54610.406,48775.977,61186.312,52805.324,51827.371,41383.027,0
41330.799,71753.188,71248.289,54594.492,48764.867,61167.492,52794.910,51805.176,41357.457,0
41330.799,71759.961,71261.453,54607.391,48789.188,61177.082,52811.184,51822.945,41372.945,0
41330.799,71778.625,71236.594,54638.773,48810.242,61210.766,52824.793,51851.844,41403.344,0
41330.800,71800.844,71227.859,54651.445,48813.773,61220.152,52834.449,51854.125,41410.227,0
41330.800,71808.625,71233.672,54628.266,48808.344,61189.266,52814.805,51828.176,41383.184,0
41330.800,71806.273,71254.430,54614.207,48803.203,61166.309,52805.125,51813.734,41364.207,0
41330.801,71798.633,71250.234,54624.891,48803.090,61192.348,52806.512,51828.422,41378.602,0
41330.801,71772.305,71255.148,54639.980,48799.043,61215.707,52811.965,51850.480,41395.184,0
41330.802,71770.805,71260.109,54647.871,48792.539,61219.930,52810.891,51856.496,41401.422,0
41330.802,71776.148,71266.727,54623.551,48781.363,61205.133,52818.043,51831.414,41379.738,0
41330.802,71799.344,71251.352,54606.809,48770.254,61189.891,52804.676,51808.617,41354.996,0
41330.857,71839.984,71245.156,54640.492,48810.867,61213.918,52824.391,51841.227,41386.781,0
41330.857,71828.781,71253.023,54666.980,48817.125,61226.457,52827.945,51862.641,41409.109,0
41330.857,71801.758,71261.008,54670.645,48816.254,61235.598,52836.195,51865.992,41417.648,0
41330.857,71791.836,71258.102,54641.766,48802.820,61226.590,52829.422,51837.965,41388.434,0
41330.857,71825.070,71270.461,54628.691,48799.625,61225.273,52824.930,51822.496,41370.777,0
41330.857,71853.211,71293.484,54652.027,48808.590,61239.602,52817.688,51845.094,41392.504,0
41330.857,71846.977,71302.688,54674.961,48819.027,61253.613,52830.004,51871.895,41416.574,0
41330.857,71845.836,71302.734,54675.094,48815.406,61270.824,52831.566,51871.379,41416.352,0
41330.857,71829.812,71283.672,54652.273,48807.625,61250.465,52814.734,51846.348,41392.168,0
41330.858,71824.445,71313.148,54631.797,48801.703,61220.555,52805.258,51828.578,41374.285,0
41330.858,71842.734,71312.414,54651.668,48815.785,61246.105,52825.801,51849.207,41391.094,0
41330.858,71861.438,71300.922,54690.227,48826.691,61284.996,52839.570,51883.184,41419.191,0
41330.858,71863.203,71297.594,54693.625,48819.852,61296.082,52832.484,51886.488,41423.727,0
41330.858,71868.211,71309.352,54668.812,48808.430,61276.996,52821.484,51860.539,41398.762,0
41330.858,71895.461,71305.102,54661.371,48808.789,61261.305,52823.969,51842.770,41379.539,0
41330.918,71939.406,71323.703,54683.387,48813.617,61273.934,52842.676,51858.684,41395.387,0
41330.918,71918.977,71338.031,54716.758,48835.566,61295.727,52848.488,51892.949,41435.082,0
41330.918,71890.477,71333.602,54717.027,48847.055,61304.578,52846.387,51894.582,41439.934,0
41330.919,71872.727,71327.836,54685.242,48836.059,61278.738,52844.910,51862.527,41408.016,0
41330.919,71871.656,71343.977,54665.816,48826.246,61262.176,52833.781,51843.531,41385.617,0
41330.919,71904.312,71347.594,54686.359,48836.328,61286.695,52830.270,51861.434,41399.297,0
41330.920,71926.703,71319.562,54713.941,48849.535,61311.797,52854.051,51890.180,41428.379,0
41330.920,71960.078,71327.680,54718.164,48851.371,61316.043,52850.609,51896.145,41433.898,0
41330.921,71954.469,71335.617,54691.770,48835.902,61289.625,52830.426,51868.609,41403.277,0
41330.921,71936.164,71366.977,54684.215,48830.516,61276.750,52824.391,51853.520,41384.746,0
41330.921,71935.133,71370.820,54703.348,48841.578,61300.754,52839.836,51873.102,41399.699,0
41330.922,71935.781,71361.703,54729.879,48851.684,61319.641,52859.617,51900.660,41431.148,0
41330.922,71940.227,71354.281,54728.961,48848.129,61313.965,52849.625,51898.738,41436.781,0
41330.922,71922.328,71340.914,54694.113,48828.906,61287.121,52829.242,51867.535,41407.121,0
41330.923,71934.086,71336.977,54682.469,48828.125,61283.188,52832.773,51852.270,41387.809,0
41330.977,71955.383,71360.828,54705.133,48851.234,61299.793,52843.793,51874.266,41404.996,0
41330.977,71958.648,71384.117,54725.609,48853.223,61315.039,52855.035,51898.359,41427.773,0
41330.978,71946.289,71369.633,54718.992,48847.145,61311.172,52851.168,51893.867,41425.492,0
41330.978,71960.836,71368.227,54702.230,48831.297,61301.336,52832.102,51866.172,41395.117,0
41330.979,71948.609,71397.688,54699.145,48829.934,61289.891,52846.320,51851.398,41375.828,0
41330.979,71949.195,71355.195,54711.148,48853.047,61302.027,52860.758,51867.805,41391.496,0
41330.979,71983.078,71363.797,54740.852,48862.590,61320.066,52861.406,51897.242,41421.605,0
41330.980,71975.766,71378.461,54739.758,48857.113,61323.484,52857.160,51898.605,41425.895,0
41330.980,71965.977,71346.453,54708.441,48847.211,61306.477,52835.145,51866.129,41395.520,0
41330.980,71961.242,71356.398,54697.020,48845.133,61293.332,52836.840,51850.258,41378.199,0
41330.981,71960.992,71356.359,54708.891,48850.320,61307.215,52850.164,51868.676,41394.379,0
41330.981,71994.859,71391.609,54741.566,48856.934,61333.367,52860.602,51897.867,41422.992,0
41330.981,71980.148,71412.484,54748.340,48855.305,61325.363,52866.414,51901.980,41429.070,0
41330.982,71943.805,71362.484,54712.266,48839.703,61299.727,52842.922,51870.820,41401.734,0
41330.982,71933.617,71341.539,54695.078,48845.582,61287.566,52841.824,51852.203,41385.238,0
41331.036,71950.578,71359.641,54712.355,48864.398,61306.273,52871.086,51870.910,41403.453,0
41331.037,71972.750,71384.969,54742.281,48866.969,61323.285,52861.562,51902.047,41432.242,0
41331.037,71981.516,71399.492,54747.066,48869.160,61323.555,52866.859,51908.930,41443.062,0
41331.037,71980.734,71361.031,54725.027,48856.309,61304.105,52871.531,51882.422,41416.441,0
41331.037,71988.328,71357.273,54709.605,48853.270,61290.719,52849.293,51862.082,41391.543,0
41331.037,71994.430,71387.469,54723.621,48866.031,61308.867,52848.934,51875.852,41400.148,0
41331.037,71978.492,71404.305,54745.012,48867.371,61330.035,52862.637,51900.258,41423.234,0
41331.037,71974.945,71374.148,54741.793,48866.836,61326.391,52864.824,51901.914,41432.559,0
41331.037,71961.016,71345.383,54717.809,48860.711,61300.934,52857.094,51875.270,41405.488,0
41331.037,71976.148,71364.781,54703.637,48856.266,61281.242,52865.250,51859.199,41382.938,0
41331.037,71974.094,71393.016,54714.859,48862.566,61297.535,52867.062,51873.617,41396.391,0
41331.037,71994.367,71401.820,54748.832,48869.988,61330.238,52876.648,51905.152,41424.668,0
41331.038,71999.797,71412.211,54751.672,48861.160,61327.465,52859.598,51906.203,41428.980,0
41331.038,71961.125,71382.266,54717.988,48846.965,61299.121,52840.777,51872.879,41398.805,0
41331.038,71942.820,71355.617,54700.820,48850.922,61289.133,52841.559,51857.656,41376.453,0
41331.097,71956.477,71357.297,54717.273,48867.059,61298.676,52867.957,51875.180,41390.715,0
41331.097,71980.617,71361.859,54742.039,48866.836,61308.219,52876.090,51897.242,41414.004,0
41331.097,71972.641,71369.211,54735.488,48863.281,61310.680,52881.277,51895.789,41418.008,0
41331.097,71975.320,71362.211,54703.301,48844.039,61291.301,52844.531,51863.938,41387.094,0
41331.097,71978.023,71362.102,54691.945,48845.133,61275.742,52844.531,51846.121,41368.117,0
41331.097,71979.883,71382.555,54710.254,48862.320,61297.781,52865.766,51866.934,41387.676,0
41331.097,71968.883,71395.227,54731.824,48861.203,61311.035,52865.789,51893.262,41416.062,0
41331.097,71952.008,71384.008,54727.328,48848.910,61304.398,52850.098,51892.750,41422.789,0
41331.097,71914.148,71334.500,54694.070,48835.992,61283.230,52838.629,51861.410,41394.781,0
41331.097,71929.594,71332.977,54679.965,48828.660,61273.977,52839.254,51844.156,41372.898,0
41331.097,71969.734,71344.711,54695.480,48839.613,61284.816,52846.074,51863.559,41391.719,0
41331.098,71960.148,71348.672,54719.461,48847.188,61301.738,52848.711,51890.648,41417.426,0
41331.098,71950.711,71345.117,54721.453,48845.469,61310.992,52845.625,51894.938,41420.664,0
41331.098,71932.586,71360.781,54698.742,48837.645,61289.957,52838.988,51868.230,41394.066,0
41331.098,71926.234,71339.016,54685.824,48841.488,61273.129,52849.246,51852.672,41376.633,0
41331.157,71937.656,71348.578,54697.758,48844.328,61283.902,52855.863,51864.094,41383.539,0
41331.157,71944.633,71365.453,54718.723,48841.871,61300.062,52864.422,51885.617,41405.488,0
41331.157,71955.117,71367.133,54727.711,48847.816,61302.699,52856.445,51893.465,41419.125,0
41331.157,71954.422,71332.039,54706.766,48840.508,61285.199,52835.859,51869.750,41397.754,0
41331.157,71948.547,71316.930,54688.996,48842.473,61276.547,52837.938,51848.762,41377.305,0
41331.157,71950.336,71340.938,54704.508,48855.973,61287.367,52847.527,51868.250,41391.027,0
41331.157,71973.867,71357.656,54735.062,48865.766,61311.102,52854.008,51900.148,41418.363,0
41331.157,71984.484,71367.352,54742.172,48865.922,61321.676,52858.477,51904.348,41426.410,0
41331.157,71957.977,71345.094,54713.738,48853.895,61293.758,52843.680,51875.137,41399.363,0
41331.157,71946.531,71334.992,54695.078,48847.590,61271.629,52833.422,51855.062,41378.422,0
41331.158,71964.703,71338.875,54704.555,48855.570,61283.855,52839.703,51868.633,41390.133,0
41331.158,71973.578,71332.977,54730.281,48867.598,61305.648,52869.723,51898.137,41422.141,0
41331.158,71946.109,71328.148,54727.621,48857.227,61310.789,52870.949,51899.344,41426.477,0
41331.158,71922.391,71334.227,54700.867,48833.668,61294.629,52842.387,51872.320,41402.941,0
41331.158,71917.477,71319.586,54683.207,48834.070,61275.699,52833.801,51851.352,41383.047,0
41331.217,71926.750,71325.375,54690.719,48840.910,61290.898,52847.012,51857.031,41385.441,0
41331.217,71943.914,71344.172,54720.043,48852.062,61311.797,52858.926,51881.504,41408.910,0
41331.217,71946.555,71348.516,54731.020,48852.820,61315.617,52846.586,51896.637,41424.867,0
41331.217,71929.031,71324.375,54710.699,48851.660,61295.168,52829.086,51883.340,41409.805,0
41331.218,71934.305,71316.906,54695.992,48849.648,61285.355,52826.023,51865.547,41387.473,0
41331.218,71959.094,71326.000,54712.734,48857.293,61309.383,52838.047,51881.504,41396.215,0
41331.218,71966.492,71337.227,54746.820,48864.445,61345.504,52861.340,51912.730,41423.840,0
41331.218,71968.234,71331.836,54753.414,48865.941,61354.109,52847.906,51924.512,41435.820,0
41331.218,71972.531,71341.383,54728.648,48854.812,61331.488,52827.520,51898.582,41408.953,0
41331.218,71977.109,71351.039,54718.254,48852.734,61321.809,52817.730,51882.266,41390.090,0
41331.218,71999.930,71363.039,54743.602,48878.750,61347.938,52839.324,51909.133,41416.398,0
41331.218,72019.469,71383.625,54777.242,48895.180,61377.801,52859.508,51938.750,41446.527,0
41331.218,72027.852,71381.320,54781.980,48896.586,61381.867,52856.152,51948.336,41457.836,0
41331.218,72036.367,71374.461,54755.805,48880.203,61360.434,52842.676,51921.805,41431.707,0
41331.218,72017.234,71358.680,54739.957,48874.191,61348.363,52846.074,51900.797,41411.324,0
41331.278,72012.586,71379.359,54758.062,48889.902,61371.496,52865.273,51920.219,41432.266,0
41331.278,72005.430,71378.906,54780.461,48895.602,61386.922,52855.527,51944.738,41459.938,0
41331.278,71993.492,71368.961,54776.281,48886.887,61379.367,52845.426,51943.508,41461.703,0
41331.278,72004.539,71357.141,54751.449,48873.520,61366.848,52835.074,51919.391,41438.434,0
41331.278,72015.555,71374.148,54738.371,48869.027,61359.672,52829.020,51903.723,41421.383,0
41331.278,72026.125,71397.375,54754.266,48882.438,61371.609,52841.961,51919.102,41433.449,0
41331.278,72021.258,71393.664,54785.309,48900.656,61391.973,52858.633,51948.426,41463.133,0
41331.278,72005.969,71385.594,54789.691,48900.676,61394.164,52865.855,51952.562,41470.219,0
41331.278,72011.352,71373.906,54768.258,48893.480,61378.023,52855.906,51928.289,41446.570,0
41331.278,72023.266,71364.828,54745.078,48882.281,61355.562,52853.426,51900.102,41417.066,0
41331.278,72012.875,71383.312,54756.051,48895.648,61369.574,52865.363,51913.289,41429.094,0
41331.278,72015.625,71371.266,54777.441,48901.527,61392.238,52863.285,51937.699,41451.199,0
41331.278,72027.180,71365.523,54783.879,48896.250,61395.102,52863.418,51941.898,41457.637,0
41331.278,72006.391,71353.008,54754.176,48880.672,61368.594,52850.387,51914.273,41431.172,0
41331.278,72007.016,71349.477,54733.922,48873.184,61347.336,52840.285,51895.969,41409.535,0
41331.337,72015.156,71366.258,54749.168,48887.379,61373.688,52850.477,51912.039,41422.766,0
41331.338,72020.625,71372.562,54773.285,48891.625,61393.605,52858.254,51939.219,41449.613,0
41331.338,72018.234,71382.555,54778.449,48894.016,61395.078,52862.793,51943.980,41458.910,0
41331.338,71998.656,71356.023,54758.711,48890.195,61381.867,52855.797,51921.539,41441.988,0
41331.338,71991.414,71354.570,54739.379,48885.633,61358.867,52842.543,51895.184,41414.988,0
41331.338,72010.977,71399.008,54747.043,48891.805,61367.141,52850.387,51908.125,41424.758,0
41331.338,72024.766,71379.648,54774.605,48896.699,61386.719,52861.293,51937.094,41453.320,0
41331.338,72022.594,71361.297,54779.273,48899.605,61394.387,52862.434,51943.129,41462.777,0
41331.338,71993.922,71363.375,54753.145,48885.230,61374.359,52847.750,51916.465,41437.586,0
41331.338,71993.359,71341.469,54736.941,48876.715,61360.410,52841.492,51898.473,41414.965,0
41331.338,72021.945,71357.719,54752.117,48883.219,61372.281,52853.070,51912.305,41425.785,0
41331.338,72017.742,71367.133,54777.465,48885.633,61395.613,52873.141,51935.598,41449.770,0
41331.338,72009.898,71380.922,54784.102,48889.590,61402.277,52872.941,51947.062,41460.832,0
41331.338,72009.344,71382.461,54757.641,48880.562,61379.164,52849.426,51923.438,41439.754,0
41331.338,72003.977,71375.219,54731.621,48871.598,61355.875,52827.141,51896.637,41412.707,0
41331.397,72012.227,71368.406,54752.117,48884.250,61373.332,52839.234,51911.902,41426.141,0
41331.397,72021.586,71381.930,54782.113,48892.004,61400.398,52853.875,51940.133,41450.797,0
41331.397,72015.289,71380.203,54786.785,48895.602,61404.957,52852.488,51945.633,41459.984,0
41331.397,72000.289,71357.070,54762.734,48889.344,61383.098,52844.152,51920.734,41436.312,0
41331.397,72006.078,71348.961,54745.367,48882.102,61366.668,52835.457,51900.863,41414.230,0
41331.397,72022.305,71352.047,54755.941,48888.988,61375.812,52848.488,51918.273,41428.465,0
41331.397,72013.273,71345.672,54782.473,48897.727,61396.129,52857.719,51947.242,41455.488,0
41331.397,72010.836,71346.320,54789.176,48896.273,61407.195,52855.414,51951.555,41463.469,0
41331.397,71989.586,71323.367,54757.551,48878.258,61385.445,52837.266,51920.039,41435.195,0
41331.397,71968.570,71324.281,54736.473,48867.773,61354.777,52828.125,51893.801,41408.125,0
41331.397,71983.680,71337.781,54749.012,48880.762,61366.109,52846.969,51906.629,41422.430,0
41331.397,71999.078,71355.734,54780.953,48893.188,61391.102,52859.238,51939.730,41454.641,0
41331.397,72007.109,71354.727,54784.328,48892.922,61398.344,52865.965,51947.777,41465.727,0
41331.397,72003.641,71353.430,54752.387,48879.934,61372.727,52856.242,51921.047,41442.703,0
41331.398,72000.445,71352.133,54738.977,48878.035,61356.008,52842.520,51903.812,41423.840,0
41331.457,71998.008,71340.734,54751.289,48886.594,61368.816,52830.492,51923.480,41439.664,0
41331.457,72000.516,71333.672,54779.117,48891.625,61389.781,52844.285,51949.344,41463.445,0
41331.457,71995.391,71339.859,54787.723,48893.012,61401.539,52851.059,51957.547,41471.316,0
41331.457,71974.156,71310.555,54754.688,48877.074,61375.543,52828.191,51931.148,41444.895,0
41331.457,71968.859,71299.023,54735.957,48869.586,61350.531,52818.246,51911.211,41424.512,0
41331.457,71977.062,71307.812,54748.453,48882.148,61364.793,52832.016,51928.691,41441.184,0
41331.457,71972.664,71307.383,54771.922,48887.242,61382.160,52842.520,51954.238,41465.703,0
41331.458,71965.219,71299.336,54774.918,48882.750,61384.035,52837.559,51960.027,41472.008,0
41331.458,71936.250,71268.578,54735.980,48862.457,61351.871,52815.449,51922.254,41436.336,0
41331.458,71920.406,71256.648,54707.703,48851.055,61322.480,52803.715,51892.996,41408.148,0
41331.458,71913.852,71248.531,54709.648,48856.801,61321.922,52807.809,51901.934,41418.184,0
41331.458,71904.180,71236.891,54731.219,48862.613,61333.656,52813.305,51927.328,41443.957,0
41331.458,71887.031,71217.867,54731.441,48855.125,61330.840,52803.312,51927.262,41447.621,0
41331.458,71858.984,71193.789,54699.883,48841.559,61306.230,52788.137,51902.160,41428.020,0
41331.458,71829.898,71168.914,54671.941,48830.137,61279.969,52774.840,51880.477,41408.910,0
41331.517,71816.133,71158.812,54674.559,48832.840,61271.965,52780.090,51890.691,41420.465,0
41331.517,71809.695,71151.055,54695.434,48839.344,61278.895,52787.398,51919.215,41451.379,0
41331.517,71790.984,71131.031,54693.242,48830.695,61276.770,52777.141,51924.020,41455.715,0
41331.517,71766.828,71102.664,54660.945,48813.707,61249.121,52756.488,51896.750,41427.906,0
41331.517,71753.930,71093.117,54640.492,48807.023,61235.309,52747.680,51878.375,41405.445,0
41331.517,71756.477,71097.906,54640.070,48805.684,61236.805,52749.133,51883.359,41405.535,0
41331.518,71759.852,71101.992,54672.500,48812.945,61266.488,52770.859,51914.562,41433.340,0
41331.518,71752.250,71097.125,54676.680,48818.512,61269.352,52779.754,51923.035,41447.109,0
41331.518,71751.875,71080.109,54642.148,48797.656,61231.105,52750.520,51887.363,41415.547,0
41331.518,71737.297,71069.359,54615.348,48776.961,61204.641,52729.508,51857.301,41383.941,0
41331.518,71723.102,71081.875,54628.758,48791.219,61222.121,52759.906,51874.578,41398.113,0
41331.518,71707.211,71072.266,54649.836,48793.566,61244.898,52752.328,51902.336,41424.512,0
41331.518,71696.664,71051.812,54647.469,48786.461,61238.727,52735.945,51906.203,41432.445,0
41331.518,71670.336,71044.508,54603.926,48753.492,61200.887,52719.004,51863.355,41389.238,0
41331.518,71688.953,71060.219,54608.105,48788.180,61204.641,52761.918,51855.398,41379.809,0
41331.578,71694.180,71058.164,54622.055,48800.316,61228.043,52789.145,51867.289,41382.223,0
41331.578,71704.039,71070.547,54645.613,48803.402,61260.789,52783.688,51898.090,41414.207,0
41331.578,71705.602,71063.906,54630.102,48758.164,61220.266,52735.836,51884.836,41403.656,0
41331.578,71705.984,71056.930,54610.363,48760.844,61219.461,52754.297,51862.461,41385.820,0
41331.578,71698.320,71054.992,54609.426,48789.230,61223.773,52791.715,51848.715,41375.961,0
41331.578,71709.336,71062.812,54621.160,48781.496,61235.195,52784.160,51856.785,41377.641,0
41331.578,71683.250,71069.406,54638.324,48779.465,61248.629,52751.102,51885.059,41407.523,0
41331.578,71677.664,71092.250,54631.105,48773.473,61237.477,52789.211,51889.910,41419.035,0
41331.578,71697.867,71116.453,54643.332,48819.137,61252.207,52837.020,51882.289,41417.805,0
41331.578,71680.570,71079.484,54616.398,48820.590,61233.812,52799.445,51856.828,41395.074,0
41331.578,71694.742,71086.172,54627.371,48810.957,61231.172,52801.750,51865.926,41393.531,0
41331.578,71736.383,71064.039,54646.035,48812.723,61240.941,52812.434,51886.535,41408.684,0
41331.578,71733.922,71083.086,54659.648,48818.578,61257.168,52822.223,51902.406,41428.602,0
41331.578,71715.078,71090.750,54640.156,48815.160,61246.953,52803.895,51882.668,41408.797,0
41331.578,71682.539,71101.078,54623.148,48807.383,61226.258,52795.223,51862.688,41385.125,0
41331.637,71710.898,71104.836,54633.340,48813.258,61229.496,52818.914,51875.336,41394.828,0
41331.637,71727.750,71122.227,54664.609,48822.000,61260.812,52848.176,51908.305,41426.633,0
41331.637,71725.320,71126.492,54673.305,48829.129,61280.078,52833.891,51915.973,41438.996,0
41331.637,71729.188,71126.914,54655.738,48820.391,61256.988,52819.988,51892.438,41421.047,0
41331.637,71738.234,71120.656,54638.480,48821.082,61236.961,52819.387,51867.289,41399.051,0
41331.637,71754.688,71131.609,54649.145,48836.863,61252.652,52834.809,51875.918,41404.617,0
41331.637,71771.789,71163.328,54678.535,48848.238,61275.789,52853.809,51900.059,41429.160,0
41331.637,71786.961,71182.547,54695.367,48851.949,61286.180,52851.125,51913.781,41442.078,0
41331.637,71788.773,71178.641,54674.871,48844.441,61276.035,52835.164,51896.281,41424.129,0
41331.637,71791.188,71170.031,54655.223,48843.570,61265.887,52849.312,51869.770,41395.922,0
41331.638,71805.023,71180.133,54673.328,48860.555,61289.625,52859.930,51882.488,41405.645,0
41331.638,71822.641,71190.016,54709.156,48873.027,61321.855,52867.531,51918.656,41434.414,0
41331.638,71832.781,71206.984,54728.379,48883.176,61334.348,52886.016,51939.152,41453.703,0
41331.638,71826.344,71219.766,54701.938,48868.848,61310.633,52872.293,51915.926,41427.191,0
41331.638,71826.773,71222.852,54678.828,48860.867,61298.250,52866.191,51894.918,41402.246,0
41331.697,71846.172,71212.883,54685.801,48864.242,61306.141,52869.406,51904.930,41409.133,0
41331.697,71855.922,71227.211,54722.414,48872.492,61334.840,52884.070,51938.770,41439.441,0
41331.697,71861.883,71242.789,54740.785,48877.207,61348.410,52897.215,51952.473,41456.004,0
41331.697,71863.453,71241.047,54719.508,48867.617,61334.707,52906.199,51929.004,41440.871,0
41331.698,71874.602,71231.633,54697.312,48864.668,61312.309,52876.047,51907.656,41424.488,0
41331.698,71883.141,71253.562,54705.535,48869.945,61319.129,52873.410,51916.309,41434.816,0
41331.698,71902.234,71267.773,54739.711,48881.523,61359.965,52883.559,51941.898,41465.125,0
41331.698,71925.547,71277.164,54758.668,48888.160,61378.875,52892.141,51953.031,41480.770,0
41331.698,71908.375,71271.062,54734.371,48879.711,61356.277,52877.320,51925.090,41457.391,0
41331.698,71912.758,71281.320,54724.938,48886.953,61347.270,52894.645,51907.703,41437.207,0
41331.698,71935.422,71283.086,54731.219,48895.133,61353.551,52895.918,51917.852,41440.762,0
41331.699,71948.609,71292.859,54759.672,48897.684,61378.160,52894.598,51943.980,41460.766,0
41331.699,71958.758,71320.844,54776.793,48902.129,61396.488,52917.977,51961.840,41472.812,0
41331.699,71946.375,71321.688,54758.934,48902.062,61382.227,52917.375,51942.859,41453.055,0
41331.699,71952.258,71315.320,54749.391,48906.086,61365.129,52908.859,51926.500,41432.379,0
41331.757,71971.477,71324.711,54765.441,48924.078,61377.309,52919.117,51945.789,41447.285,0
41331.758,71975.969,71335.992,54785.938,48930.738,61395.324,52923.230,51962.574,41465.547,0
41331.758,71967.430,71333.180,54794.297,48932.910,61409.340,52921.531,51970.914,41477.910,0
41331.758,71950.664,71323.883,54765.059,48914.914,61391.277,52911.742,51943.824,41455.086,0
41331.759,71946.961,71332.773,54741.078,48902.352,61368.480,52911.004,51915.504,41428.062,0
41331.759,71962.133,71343.195,54742.418,48904.746,61369.621,52913.957,51920.777,41433.273,0
41331.759,71973.805,71337.648,54767.609,48912.164,61390.562,52935.234,51949.344,41458.887,0
41331.760,71974.852,71338.344,54772.145,48909.977,61403.750,52925.758,51955.535,41467.203,0
41331.760,71949.484,71324.375,54743.848,48896.477,61384.977,52912.457,51929.227,41444.312,0
41331.760,71944.586,71313.641,54725.074,48886.281,61368.906,52893.234,51905.645,41421.605,0
41331.761,71974.875,71327.727,54739.176,48901.234,61377.621,52910.312,51923.684,41437.496,0
41331.761,71982.516,71326.961,54761.953,48902.176,61395.840,52915.922,51947.332,41460.945,0
41331.761,71975.391,71323.742,54774.246,48899.270,61409.117,52916.883,51953.344,41471.895,0
41331.762,71964.617,71329.781,54754.398,48896.898,61395.414,52915.207,51930.234,41455.000,0
41331.762,71963.227,71337.758,54735.934,48894.375,61377.645,52904.746,51912.039,41433.070,0
41331.817,71981.648,71352.492,54742.773,48901.305,61381.332,52917.820,51923.305,41442.793,0
41331.817,72005.203,71356.133,54776.750,48916.414,61415.195,52927.211,51952.203,41476.793,0
41331.817,72017.656,71359.602,54784.684,48913.441,61428.762,52922.227,51957.680,41486.133,0
41331.818,72005.633,71348.805,54753.906,48902.039,61407.125,52907.562,51930.391,41462.484,0
41331.818,71986.367,71361.211,54742.305,48903.582,61382.160,52916.457,51910.273,41443.039,0
41331.818,71977.844,71360.984,54748.004,48905.125,61378.113,52936.219,51915.457,41443.062,0
41331.818,72016.828,71374.664,54789.848,48924.102,61415.777,52934.363,51954.684,41471.809,0
41331.818,72029.680,71381.953,54814.949,48939.055,61439.043,52939.840,51975.875,41490.113,0
41331.818,71992.867,71360.156,54784.082,48923.656,61413.766,52925.801,51942.168,41459.336,0
41331.818,71992.398,71361.719,54760.188,48918.445,61398.543,52935.367,51917.066,41435.863,0
41331.818,72014.367,71381.438,54771.094,48932.730,61410.770,52946.098,51931.215,41446.234,0
41331.818,72013.945,71395.336,54795.391,48943.055,61424.918,52943.281,51959.512,41473.461,0
41331.818,72017.055,71392.609,54796.621,48939.102,61422.348,52939.570,51965.996,41487.363,0
41331.818,72011.422,71384.523,54768.613,48923.477,61396.957,52928.508,51939.484,41463.559,0
41331.818,72004.555,71385.500,54747.336,48911.406,61371.230,52916.973,51915.480,41439.328,0
41331.878,72006.344,71398.578,54756.074,48917.867,61386.586,52939.859,51927.887,41445.746,0
41331.878,72011.016,71406.086,54789.332,48930.918,61413.250,52942.543,51962.645,41481.328,0
41331.878,72003.930,71397.773,54799.012,48929.734,61415.105,52937.895,51970.578,41494.316,0
41331.878,72009.273,71386.938,54772.859,48924.281,61405.785,52937.918,51948.738,41479.539,0
41331.878,71997.070,71388.766,54746.148,48912.613,61379.945,52916.504,51921.785,41453.633,0
41331.878,72008.133,71394.266,54756.477,48920.078,61385.355,52919.074,51932.891,41463.336,0
41331.878,72013.633,71405.688,54791.859,48933.758,61415.777,52938.273,51962.129,41488.547,0
41331.878,72009.789,71405.508,54805.516,48940.688,61427.355,52939.281,51973.660,41502.184,0
41331.878,72002.812,71393.281,54775.051,48922.336,61402.434,52928.730,51941.676,41472.344,0
41331.878,72004.695,71389.016,54752.230,48908.703,61379.523,52922.246,51912.977,41440.715,0
41331.878,72021.477,71396.297,54762.691,48914.871,61390.141,52921.668,51919.660,41440.781,0
41331.878,72023.555,71410.445,54786.430,48920.840,61411.215,52928.664,51943.531,41458.910,0
41331.878,72026.086,71411.250,54799.996,48933.152,61424.539,52947.059,51953.703,41472.969,0
41331.878,72009.453,71395.250,54772.348,48922.359,61401.895,52935.906,51928.758,41448.539,0
41331.879,72007.438,71402.891,54757.305,48921.621,61385.535,52928.262,51910.785,41427.125,0
41331.937,72022.258,71430.477,54772.234,48937.758,61400.758,52937.156,51928.938,41438.078,0
41331.938,72030.977,71446.391,54797.516,48939.949,61421.656,52944.176,51953.812,41454.527,0
41331.938,72039.984,71448.336,54814.836,48942.340,61443.203,52959.285,51966.621,41464.566,0
41331.938,72017.500,71430.055,54792.707,48932.730,61421.945,52938.320,51948.582,41449.836,0
41331.939,72007.039,71426.297,54769.754,48925.352,61403.684,52927.590,51931.508,41431.598,0
41331.939,72019.242,71426.852,54782.719,48934.965,61413.676,52941.516,51945.922,41447.441,0
41331.939,72034.086,71438.656,54817.832,48945.938,61436.406,52944.375,51978.000,41480.168,0
41331.940,72040.367,71449.430,54829.945,48947.773,61446.422,52944.957,51990.715,41496.102,0
41331.940,72034.578,71445.945,54803.215,48937.781,61427.020,52938.117,51963.984,41475.137,0
41331.940,72041.859,71448.445,54787.859,48936.148,61418.906,52931.613,51944.516,41455.020,0
41331.941,72054.758,71461.742,54799.617,48948.152,61434.508,52941.203,51957.098,41469.996,0
41331.941,72060.328,71476.273,54827.734,48957.449,61450.555,52957.406,51982.133,41498.629,0
41331.941,72071.703,71485.859,54844.543,48965.160,61463.969,52969.363,51995.566,41516.309,0
41331.942,72068.172,71477.703,54823.934,48953.070,61450.758,52949.516,51973.371,41496.773,0
41331.942,72065.961,71475.734,54804.777,48946.969,61439.066,52939.367,51950.348,41471.828,0
41331.997,72081.312,71491.969,54811.305,48957.070,61451.023,52947.617,51958.797,41476.746,0
41331.997,72104.000,71509.578,54839.246,48968.984,61475.969,52959.105,51984.750,41500.773,0
41331.997,72106.055,71518.344,54857.617,48977.164,61489.379,52973.367,51996.281,41519.281,0
41331.997,72091.844,71513.688,54833.434,48965.520,61471.344,52965.273,51969.438,41496.215,0
41331.997,72094.570,71505.016,54811.016,48960.648,61446.375,52945.047,51941.676,41472.523,0
41331.997,72111.289,71521.695,54826.504,48974.930,61462.602,52958.750,51960.117,41485.418,0
41331.997,72122.172,71538.258,54859.941,48986.309,61490.855,52980.406,51994.605,41513.984,0
41331.998,72113.500,71532.133,54862.848,48976.605,61486.676,52968.738,51998.539,41517.023,0
41331.998,72091.234,71516.555,54830.102,48958.008,61457.172,52952.758,51969.773,41490.336,0
41331.998,72086.297,71528.602,54812.824,48955.730,61443.090,52954.812,51950.707,41469.168,0
41331.998,72104.156,71517.086,54824.023,48969.320,61464.211,52968.961,51968.098,41482.133,0
41331.998,72124.031,71524.688,54854.488,48985.078,61485.246,52980.297,52000.953,41511.547,0
41331.998,72137.531,71538.945,54870.605,48986.934,61495.996,52980.027,52014.879,41526.613,0
41331.998,72123.000,71523.930,54841.973,48969.609,61476.371,52960.848,51983.207,41501.469,0
41331.998,72109.703,71518.008,54822.637,48962.367,61459.719,52954.926,51959.512,41478.043,0
41332.057,72119.086,71530.898,54824.648,48963.465,61471.277,52960.648,51963.582,41479.316,0
41332.057,72132.727,71542.859,54856.344,48980.137,61494.879,52971.488,51993.488,41509.715,0
41332.057,72140.789,71538.836,54868.570,48980.852,61503.820,52972.965,52003.926,41524.938,0
41332.057,72108.430,71525.047,54833.926,48963.551,61480.484,52957.297,51972.566,41495.746,0
41332.057,72104.742,71528.688,54812.715,48958.344,61461.152,52960.715,51946.641,41466.645,0
41332.057,72122.195,71542.461,54822.750,48968.852,61471.723,52970.707,51957.500,41471.336,0
41332.057,72132.562,71561.234,54847.785,48973.922,61492.375,52979.355,51982.336,41495.344,0
41332.058,72142.289,71565.773,54859.742,48974.371,61501.004,52994.801,51992.168,41509.492,0
41332.058,72131.492,71552.984,54835.602,48959.461,61486.496,52971.086,51966.711,41485.531,0
41332.058,72118.461,71574.555,54812.781,48948.086,61466.715,52947.973,51943.531,41460.430,0
41332.058,72126.891,71598.023,54820.516,48956.980,61476.215,52951.863,51954.797,41466.844,0
41332.058,72147.539,71591.836,54853.551,48970.012,61499.840,52968.227,51986.762,41495.297,0
41332.058,72143.117,71584.680,54868.324,48972.559,61508.090,52973.457,52002.539,41512.176,0
41332.058,72126.133,71566.555,54841.770,48960.289,61489.539,52959.352,51979.520,41491.453,0
41332.058,72116.492,71557.945,54818.840,48957.676,61474.359,52954.793,51956.160,41467.582,0
41332.118,72122.773,71567.000,54817.520,48962.480,61475.320,52959.309,51958.844,41468.832,0
41332.118,72138.734,71578.445,54843.984,48968.449,61499.059,52966.863,51985.172,41491.789,0
41332.118,72147.523,71590.648,54862.512,48974.324,61515.152,52974.484,52002.609,41512.398,0
41332.119,72139.492,71594.266,54837.570,48963.082,61491.168,52965.988,51976.680,41489.957,0
41332.119,72127.312,71598.602,54821.410,48958.547,61462.871,52963.398,51949.902,41463.223,0
41332.119,72146.734,71610.656,54831.043,48966.078,61468.035,52973.523,51959.492,41468.273,0
41332.120,72145.641,71608.867,54851.359,48966.660,61491.816,52980.273,51986.762,41493.645,0
41332.120,72152.906,71613.492,54867.363,48972.070,61513.879,52991.090,52001.871,41512.465,0
41332.120,72145.484,71598.516,54843.984,48963.195,61496.242,52966.258,51977.797,41494.539,0
41332.121,72146.758,71600.039,54817.633,48951.684,61472.641,52950.164,51950.660,41468.766,0
41332.121,72140.859,71613.266,54815.797,48952.512,61476.125,52956.176,51956.609,41470.176,0
41332.121,72150.695,71626.945,54843.582,48961.273,61495.953,52983.000,51987.094,41498.496,0
41332.122,72150.289,71625.516,54861.508,48970.012,61505.160,52980.051,52001.176,41516.531,0
41332.122,72131.070,71613.289,54830.977,48950.543,61482.027,52948.465,51971.293,41487.988,0
41332.122,72125.570,71611.258,54809.719,48945.426,61462.090,52946.543,51944.715,41462.465,0
41332.123,72138.578,71635.016,54820.090,48955.930,61474.984,52964.203,51956.293,41468.543,0
41332.179,72147.430,71636.984,54844.230,48965.477,61495.102,52973.145,51983.027,41494.359,0
41332.179,72154.961,71638.391,54859.027,48968.156,61503.863,52975.801,51996.930,41509.984,0
41332.179,72156.102,71629.117,54832.809,48958.254,61492.422,52969.188,51972.387,41486.582,0
41332.179,72158.695,71625.961,54810.703,48951.973,61474.852,52954.949,51949.770,41462.352,0
41332.179,72148.727,71641.500,54811.148,48947.504,61476.594,52957.070,51952.629,41463.246,0
41332.179,72150.625,71653.078,54845.168,48962.793,61508.828,52966.840,51986.559,41492.234,0
41332.179,72152.508,71649.477,54862.355,48969.520,61516.156,52967.512,52001.871,41508.508,0
41332.179,72133.281,71641.719,54834.395,48955.438,61491.215,52952.312,51976.254,41487.207,0
41332.180,72133.102,71643.555,54812.199,48945.492,61474.965,52948.375,51952.672,41462.867,0
41332.180,72152.391,71656.984,54816.289,48947.391,61488.262,52954.949,51957.344,41465.457,0
41332.180,72159.570,71672.078,54844.699,48959.484,61510.281,52963.664,51986.918,41492.660,0
41332.180,72159.367,71675.156,54860.859,48966.859,61505.094,52967.555,52004.953,41512.777,0
41332.180,72147.812,71665.461,54838.039,48956.043,61489.359,52960.602,51977.773,41490.539,0
41332.180,72149.773,71666.484,54817.051,48948.621,61471.723,52957.809,51949.992,41465.480,0
41332.180,72160.867,71677.617,54817.809,48954.543,61474.180,52966.391,51956.406,41470.602,0
41332.238,72181.938,71693.867,54844.207,48964.199,61500.691,52974.594,51981.598,41494.070,0
41332.238,72175.703,71688.977,54854.062,48966.684,61504.355,52970.504,51993.086,41509.312,0
41332.239,72158.898,71668.250,54825.836,48949.582,61488.777,52952.824,51964.027,41481.863,0
41332.239,72143.812,71665.547,54802.297,48939.414,61457.730,52946.969,51937.609,41449.879,0
41332.239,72155.477,71675.539,54806.254,48945.066,61466.023,52953.473,51942.906,41447.578,0
41332.240,72169.047,71693.016,54836.898,48957.562,61485.918,52970.191,51973.820,41474.602,0
41332.240,72181.227,71689.508,54855.672,48962.590,61490.477,52983.715,51990.336,41490.402,0
41332.240,72173.359,71680.836,54831.465,48954.746,61471.699,52975.469,51969.035,41472.926,0
41332.241,72161.961,71682.516,54806.613,48948.980,61450.691,52981.121,51944.984,41451.043,0
41332.241,72158.430,71695.297,54809.430,48953.516,61452.254,52979.781,51951.824,41460.629,0
41332.241,72171.102,71706.344,54839.828,48964.156,61477.086,52986.910,51986.066,41494.090,0
41332.242,72183.594,71704.531,54858.535,48967.598,61497.875,52979.176,52005.781,41515.148,0
41332.242,72173.250,71706.742,54831.176,48954.254,61483.078,52964.984,51980.367,41497.555,0
41332.242,72178.969,71710.703,54813.988,48944.195,61461.262,52958.324,51959.648,41472.344,0
41332.243,72173.312,71719.219,54819.398,48954.141,61466.805,52964.648,51969.461,41477.773,0
41332.298,72174.656,71742.125,54842.820,48964.113,61487.816,52978.887,51994.426,41501.691,0
41332.298,72174.367,71705.625,54860.703,48966.391,61499.797,52988.207,52009.516,41514.969,0
41332.298,72170.406,71698.406,54835.402,48955.484,61479.902,52974.438,51983.988,41488.547,0
41332.299,72169.289,71709.070,54814.277,48950.902,61459.898,52972.004,51955.086,41458.418,0
41332.299,72181.586,71705.852,54821.184,48960.246,61466.715,52976.273,51961.055,41461.191,0
41332.299,72195.508,71704.977,54850.129,48972.695,61493.180,52987.402,51991.008,41490.000,0
41332.299,72205.922,71719.125,54863.273,48975.777,61507.664,52991.695,52002.988,41505.602,0
41332.299,72181.672,71702.430,54832.809,48964.043,61485.336,52973.590,51973.484,41480.590,0
41332.299,72161.242,71702.852,54798.207,48947.816,61457.977,52958.660,51938.414,41448.246,0
41332.300,72168.039,71722.102,54799.035,48954.164,61467.430,52966.391,51945.117,41455.242,0
41332.300,72178.898,71737.609,54824.090,48968.516,61491.324,52984.160,51975.965,41488.391,0
41332.300,72186.883,71733.367,54846.934,48977.031,61516.426,52997.797,51998.832,41513.293,0
41332.300,72162.742,71723.375,54818.348,48962.949,61483.391,52982.309,51977.371,41492.973,0
41332.300,72145.461,71725.250,54796.910,48952.621,61439.000,52968.047,51947.531,41462.352,0
41332.301,72160.883,71733.406,54798.855,48957.898,61465.977,52980.207,51953.703,41462.621,0
41332.358,72172.844,71747.734,54838.172,48971.219,61495.371,52998.020,51983.676,41486.781,0
41332.359,72190.812,71762.711,54857.930,48977.320,61508.270,53008.391,51998.340,41497.711,0
41332.359,72175.328,71750.375,54825.117,48961.027,61485.023,52990.422,51966.645,41468.609,0
41332.360,72185.430,71733.141,54802.855,48954.141,61477.199,52985.996,51939.934,41439.844,0
41332.360,72203.938,71772.031,54796.957,48954.301,61474.250,52991.738,51944.113,41444.426,0
41332.360,72194.703,71809.695,54838.730,48970.258,61513.922,52996.164,51985.262,41483.473,0
41332.361,72197.812,71766.531,54865.262,48976.203,61519.891,52994.938,52002.047,41505.246,0
41332.361,72185.609,71753.680,54815.844,48957.203,61482.629,52983.758,51974.668,41486.805,0
41332.361,72174.812,71761.078,54798.340,48947.594,61484.328,52992.680,51953.949,41466.555,0
41332.362,72165.984,71759.203,54806.098,48957.430,61487.570,52991.246,51963.961,41475.023,0
41332.362,72169.891,71776.906,54843.605,48966.367,61484.508,52999.203,51991.812,41502.227,0
41332.362,72173.094,71758.445,54860.859,48971.242,61510.258,52991.070,52007.949,41516.219,0
41332.363,72178.836,71744.227,54842.062,48971.645,61500.043,52982.977,51990.293,41503.770,0
41332.363,72177.070,71748.945,54816.582,48969.969,61487.816,52980.629,51965.301,41479.094,0
41332.363,72174.141,71761.570,54817.141,48974.305,61484.195,52980.855,51963.426,41475.852,0
41332.418,72183.328,71775.047,54845.324,48983.355,61515.711,52990.668,51985.285,41497.398,0
41332.418,72193.609,71780.570,54856.477,48988.453,61522.371,53003.898,52000.598,41514.363,0
41332.418,72196.828,71769.172,54841.324,48970.461,61502.793,52985.055,51976.031,41487.699,0
41332.419,72190.281,71769.062,54819.957,48965.363,61489.359,52973.859,51952.293,41459.355,0
41332.419,72187.953,71778.805,54812.602,48971.688,61490.879,52990.352,51954.281,41462.195,0
41332.419,72195.109,71787.344,54828.695,48975.422,61512.066,52999.359,51973.840,41483.629,0
41332.419,72195.617,71785.758,54856.301,48982.125,61532.363,53001.059,51993.422,41502.965,0
41332.419,72198.102,71778.562,54845.324,48975.355,61520.785,52990.309,51975.652,41485.484,0
41332.419,72190.789,71782.914,54826.324,48968.113,61496.109,52982.820,51951.625,41459.512,0
41332.419,72190.305,71802.164,54820.828,48975.668,61495.953,52990.352,51957.883,41463.984,0
41332.419,72202.078,71806.992,54837.055,48984.094,61506.391,53005.285,51986.625,41492.324,0
41332.419,72197.789,71815.555,54854.578,48981.836,61521.902,53005.328,52006.094,41511.035,0
41332.419,72177.000,71796.953,54829.453,48967.777,61509.094,52993.059,51985.508,41493.824,0
41332.419,72169.109,71790.539,54798.832,48956.223,61482.875,52988.945,51954.484,41464.117,0
41332.419,72184.578,71789.352,54807.594,48958.902,61489.828,52986.016,51960.609,41464.789,0
41332.479,72207.508,71796.844,54840.297,48973.434,61514.348,52997.395,51987.723,41495.699,0
41332.479,72207.914,71799.992,54853.504,48976.984,61519.375,53001.551,52000.395,41512.352,0
41332.479,72198.977,71804.352,54829.051,48959.352,61503.664,52996.500,51972.879,41489.195,0
41332.479,72186.258,71794.227,54802.766,48952.691,61475.477,52974.996,51943.555,41462.555,0
41332.479,72187.039,71803.281,54795.438,48958.770,61493.516,52979.289,51944.738,41463.516,0
41332.479,72204.070,71818.367,54829.812,48970.145,61516.246,52990.598,51974.914,41491.098,0
41332.479,72214.242,71830.039,54862.758,48978.508,61527.090,53000.254,51993.844,41510.855,0
41332.479,72208.227,71806.703,54834.820,48971.219,61513.430,52995.652,51971.539,41489.531,0
41332.479,72203.531,71797.891,54816.492,48965.633,61496.645,52990.020,51950.305,41464.430,0
41332.479,72200.852,71817.812,54822.727,48977.590,61502.367,53001.371,51959.043,41467.625,0
41332.479,72202.148,71821.117,54842.039,48989.301,61510.973,53009.820,51982.402,41489.219,0
41332.479,72206.328,71831.062,54860.480,48996.008,61524.449,53007.832,52003.367,41511.414,0
41332.479,72197.367,71835.734,54838.934,48982.371,61503.977,52998.871,51986.871,41495.207,0
41332.479,72203.492,71825.477,54812.715,48971.020,61487.527,52987.449,51967.828,41472.945,0
41332.479,72205.703,71838.820,54815.219,48972.762,61496.777,52998.469,51977.953,41477.551,0
41332.538,72201.453,71829.703,54838.707,48978.953,61513.141,52995.473,52006.832,41504.039,0
41332.538,72208.000,71825.898,54860.031,48986.621,61525.727,53002.871,52024.871,41525.430,0
41332.538,72202.906,71794.500,54841.750,48976.137,61508.492,52990.688,51999.633,41506.898,0
41332.538,72201.008,71791.992,54820.180,48970.480,61490.879,52987.781,51975.359,41483.965,0
41332.538,72214.578,71805.383,54820.312,48975.848,61491.617,52994.086,51980.547,41487.855,0
41332.538,72234.203,71816.688,54847.023,48983.246,61509.094,53008.234,52007.727,41510.141,0
41332.538,72233.375,71828.914,54861.441,48986.934,61524.586,53024.930,52023.016,41525.027,0
41332.538,72203.891,71814.008,54829.500,48969.273,61498.254,53014.156,51987.340,41494.402,0
41332.538,72198.859,71810.500,54802.520,48961.184,61474.762,53008.637,51955.223,41463.672,0
41332.538,72207.961,71816.578,54809.293,48974.371,61492.621,52997.574,51964.855,41470.285,0
41332.539,72208.117,71821.047,54830.977,48980.898,61502.121,52999.520,51991.008,41495.410,0
41332.539,72220.055,71824.562,54855.473,48984.699,61513.273,53004.793,52002.766,41510.051,0
41332.539,72227.672,71833.430,54831.379,48975.242,61507.508,52997.863,51981.730,41493.176,0
41332.539,72227.047,71841.836,54811.977,48970.234,61486.520,52990.645,51956.609,41465.594,0
41332.539,72214.977,71832.047,54813.383,48974.930,61483.926,52996.723,51954.461,41462.887,0
41332.598,72205.078,71840.203,54838.285,48987.559,61493.137,53013.332,51983.965,41492.684,0
41332.598,72210.688,71845.164,54851.473,48990.957,61502.234,53017.465,52001.176,41513.223,0
41332.598,72209.906,71835.914,54828.047,48977.211,61480.352,53007.340,51981.754,41494.648,0
41332.598,72195.734,71827.062,54805.672,48966.281,61457.215,53008.414,51962.574,41471.941,0
41332.598,72187.484,71834.750,54801.293,48964.355,61460.793,53004.344,51970.355,41472.188,0
41332.598,72196.781,71850.977,54823.195,48966.367,61479.992,53001.773,51999.344,41494.852,0
41332.598,72208.898,71864.461,54844.543,48971.176,61502.344,53009.867,52025.695,41517.516,0
41332.598,72191.906,71834.930,54827.266,48964.113,61496.199,53001.039,52010.812,41501.801,0
41332.598,72182.008,71834.883,54805.941,48962.078,61472.617,52996.074,51988.727,41480.836,0
41332.598,72197.789,71853.328,54808.512,48971.578,61475.859,53000.656,51991.410,41484.391,0
41332.598,72214.773,71853.883,54836.832,48982.148,61496.980,53018.652,52015.480,41507.121,0
41332.598,72218.172,71845.570,54849.973,48979.980,61508.691,53021.535,52028.156,41520.891,0
41332.599,72202.414,71835.219,54823.105,48970.012,61491.305,53003.227,52002.160,41499.770,0
41332.599,72187.438,71835.625,54801.312,48964.961,61463.699,53002.895,51973.750,41475.516,0
41332.599,72190.906,71842.555,54798.879,48966.281,61467.320,53004.816,51969.348,41471.449,0
41332.658,72204.586,71857.594,54823.734,48969.676,61498.949,53014.559,51993.957,41494.137,0
41332.659,72202.906,71863.070,54834.352,48968.402,61505.094,53011.297,52002.695,41507.590,0
41332.659,72184.758,71841.164,54809.430,48958.680,61476.125,52997.438,51975.672,41489.664,0
41332.659,72178.945,71837.258,54788.773,48955.105,61468.816,53007.406,51949.902,41467.113,0
41332.660,72180.602,71850.867,54783.543,48955.977,61466.762,53000.457,51945.453,41461.973,0
41332.660,72197.453,71848.430,54810.703,48964.828,61491.570,53006.000,51967.871,41485.801,0
41332.660,72200.742,71854.688,54830.594,48972.473,61509.520,53011.656,51984.570,41506.699,0
41332.661,72192.203,71848.969,54809.449,48962.973,61489.270,53002.266,51967.312,41491.879,0
41332.661,72184.578,71847.180,54784.504,48957.004,61466.203,52993.125,51946.078,41467.426,0
41332.662,72203.781,71852.547,54789.355,48963.328,61474.965,52997.750,51952.473,41467.539,0
41332.662,72209.500,71857.375,54818.211,48972.559,61499.281,53012.480,51988.102,41495.367,0
41332.662,72211.398,71868.641,54837.168,48974.125,61511.711,53022.762,52015.461,41515.527,0
41332.663,72202.688,71862.180,54814.926,48964.938,61493.180,53015.879,52000.195,41497.512,0
41332.663,72200.023,71858.375,54793.648,48959.285,61474.023,53000.098,51978.402,41474.465,0
41332.663,72208.586,71876.594,54805.648,48970.930,61483.324,53016.594,51989.980,41481.105,0
41332.719,72222.734,71889.781,54838.977,48988.406,61509.520,53028.711,52019.617,41508.172,0
41332.719,72209.320,71894.453,54854.176,48988.633,61522.215,53022.629,52030.234,41521.965,0
41332.719,72190.836,71889.938,54827.555,48972.090,61506.391,53011.699,52004.777,41503.410,0
41332.720,72186.438,71872.727,54803.727,48962.793,61491.906,53008.840,51978.602,41477.598,0
41332.720,72198.547,71879.547,54801.180,48969.902,61491.793,53015.680,51980.121,41477.641,0
41332.720,72212.320,71890.789,54823.891,48976.828,61506.660,53020.863,52001.645,41502.520,0
41332.721,72222.914,71899.461,54839.090,48976.672,61525.098,53036.109,52012.980,41520.824,0
41332.721,72212.492,71893.336,54819.129,48971.176,61510.258,53039.953,51991.699,41506.316,0
41332.722,72205.922,71862.625,54791.727,48959.484,61485.379,52996.789,51958.730,41475.094,0
41332.722,72195.977,71870.227,54791.457,48959.418,61484.352,52997.527,51953.590,41468.766,0
41332.722,72200.203,71873.531,54814.500,48967.086,61498.301,53011.340,51975.762,41488.773,0
41332.723,72207.531,71872.953,54837.277,48972.227,61508.848,53012.570,51996.574,41510.477,0
41332.723,72192.711,71867.406,54819.129,48962.234,61499.262,53001.508,51980.902,41496.414,0
41332.723,72180.352,71866.180,54794.586,48952.266,61481.422,52990.352,51953.926,41468.254,0
41332.724,72185.539,71878.156,54789.691,48957.449,61482.207,52999.520,51950.797,41462.910,0
41332.779,72198.773,71901.250,54814.254,48971.375,61507.887,53021.871,51980.457,41491.590,0
41332.779,72199.398,71905.312,54831.758,48973.969,61523.152,53027.367,51996.684,41510.945,0
41332.779,72197.609,71885.781,54811.125,48958.727,61495.953,53008.793,51977.125,41490.492,0
41332.779,72184.688,71880.125,54785.781,48948.109,61474.629,53005.285,51952.785,41463.023,0
41332.779,72186.570,71885.492,54784.594,48959.910,61482.562,53014.316,51962.152,41463.469,0
41332.779,72202.641,71888.688,54804.668,48963.082,61503.617,53016.684,51990.941,41485.711,0
41332.779,72200.227,71895.930,54828.809,48965.832,61513.609,53022.832,52011.480,41505.691,0
41332.779,72187.328,71886.297,54809.695,48952.062,61498.789,53007.230,51994.137,41489.531,0
41332.779,72189.875,71877.961,54787.434,48944.531,61477.891,52992.879,51968.207,41465.480,0
41332.779,72211.289,71903.484,54788.641,48952.668,61483.348,52998.734,51967.312,41467.066,0
41332.779,72211.891,71916.047,54824.383,48971.352,61519.891,53015.477,52002.137,41500.328,0
41332.779,72208.719,71917.250,54849.660,48983.512,61535.156,53032.219,52021.426,41519.773,0
41332.779,72199.469,71910.570,54828.227,48977.613,61523.422,53037.738,52000.953,41501.691,0
41332.779,72194.930,71909.117,54804.848,48969.855,61513.117,53018.652,51973.348,41474.422,0
41332.779,72197.945,71912.914,54800.195,48969.520,61506.816,53009.129,51968.945,41467.559,0
41332.838,72207.531,71911.062,54821.652,48972.180,61527.625,53019.836,51987.988,41484.926,0
41332.838,72212.492,71912.383,54835.266,48967.844,61542.375,53031.750,51998.449,41498.496,0
41332.838,72211.336,71902.570,54820.672,48960.895,61525.164,53011.051,51986.402,41490.961,0
41332.838,72194.727,71883.523,54793.289,48949.852,61500.488,52994.062,51959.066,41466.754,0
41332.838,72197.766,71889.156,54790.520,48955.035,61506.590,53000.164,51954.598,41463.426,0
41332.838,72214.375,71903.844,54814.680,48961.316,61525.613,53022.898,51975.496,41486.469,0
41332.839,72223.805,71909.336,54837.480,48971.531,61540.590,53028.641,51992.125,41510.297,0
41332.839,72203.352,71895.484,54814.301,48962.414,61524.922,53010.895,51969.660,41493.914,0
41332.839,72188.695,71895.461,54787.859,48951.840,61507.711,52991.895,51945.297,41472.410,0
41332.839,72191.867,71910.727,54785.086,48958.812,61509.742,52999.070,51949.453,41475.742,0
41332.839,72195.375,71914.906,54810.859,48971.086,61529.078,53024.125,51978.312,41499.367,0
41332.839,72194.992,71914.969,54831.266,48974.641,61544.902,53028.352,52001.938,41523.125,0
41332.839,72187.953,71905.539,54813.562,48963.309,61539.336,53010.984,51987.789,41510.477,0
41332.839,72182.367,71902.945,54790.922,48952.531,61518.887,52997.172,51961.727,41480.613,0
41332.839,72186.992,71927.023,54788.977,48954.812,61522.262,53008.012,51960.789,41475.184,0
41332.898,72201.008,71929.570,54814.570,48966.613,61545.262,53022.809,51989.398,41499.633,0
41332.898,72212.141,71925.742,54837.656,48968.738,61558.223,53023.703,52008.574,41516.355,0
41332.899,72204.297,71908.039,54814.926,48956.109,61542.152,53006.270,51987.230,41496.750,0
41332.899,72187.219,71898.898,54783.699,48941.336,61514.617,52993.953,51957.121,41462.688,0
41332.899,72194.617,71916.578,54791.277,48957.586,61519.398,53020.395,51962.195,41465.234,0
41332.900,72215.602,71924.023,54824.516,48979.199,61549.059,53031.703,51991.855,41496.906,0
41332.900,72223.430,71935.133,54846.598,48985.344,61583.191,53037.270,52014.387,41520.445,0
41332.900,72207.648,71923.133,54829.141,48977.211,61573.156,53024.664,51998.832,41505.422,0
41332.901,72200.289,71915.305,54806.789,48965.363,61538.020,53002.738,51971.918,41476.590,0
41332.901,72200.227,71920.758,54801.402,48968.781,61531.289,53007.004,51968.789,41474.535,0
41332.901,72202.594,71930.930,54825.453,48985.234,61552.703,53028.039,51995.746,41501.535,0
41332.902,72205.141,71932.359,54842.465,48985.547,61564.348,53030.789,52007.949,41516.777,0
41332.902,72201.453,71923.758,54821.141,48973.543,61550.469,53018.270,51986.180,41501.625,0
41332.902,72205.500,71922.305,54797.535,48963.484,61530.062,53008.930,51958.016,41476.633,0
41332.903,72208.648,71930.820,54788.910,48960.691,61532.230,53018.203,51951.289,41474.199,0
41332.959,72207.000,71944.875,54812.086,48968.156,61557.242,53021.848,51979.137,41504.238,0
41332.959,72198.344,71934.422,54827.219,48965.273,61563.926,53023.234,51992.750,41523.215,0
41332.959,72193.742,71914.188,54806.723,48961.785,61547.742,53011.812,51975.695,41512.934,0
41332.960,72195.891,71895.125,54782.762,48955.438,61534.645,53001.371,51955.043,41487.496,0
41332.960,72197.523,71909.742,54788.551,48958.391,61538.152,53006.559,51957.703,41482.805,0
41332.961,72207.352,71928.336,54823.777,48977.789,61562.629,53030.676,51991.969,41511.191,0
41332.961,72213.594,71932.812,54846.508,48982.039,61573.961,53047.707,52012.020,41524.223,0
41332.961,72212.492,71930.281,54832.383,48980.629,61563.434,53037.090,51998.629,41509.715,0
41332.962,72220.656,71921.406,54807.328,48973.945,61540.812,53027.590,51970.109,41477.082,0
41332.962,72224.680,71937.836,54801.871,48975.266,61542.375,53034.387,51968.344,41469.594,0
41332.962,72230.133,71943.133,54829.074,48989.348,61570.629,53034.723,51997.488,41495.141,0
41332.963,72244.727,71944.031,54858.355,48996.992,61598.168,53037.695,52024.848,41525.742,0
41332.963,72227.672,71939.695,54836.520,48983.422,61582.500,53022.117,52005.691,41513.648,0
41332.963,72211.266,71927.648,54806.879,48968.047,61554.895,53011.699,51973.863,41486.156,0
41332.964,72224.883,71943.289,54809.965,48973.746,61550.895,53031.035,51975.605,41488.035,0
41333.019,72234.555,71952.477,54835.824,48987.895,61561.422,53035.414,52004.305,41517.582,0
41333.019,72227.383,71945.820,54854.332,48989.211,61578.719,53036.578,52021.828,41536.918,0
41333.019,72210.531,71939.070,54835.176,48975.758,61574.184,53025.871,52003.145,41521.250,0
41333.020,72202.688,71934.641,54808.465,48968.180,61559.922,53013.711,51973.527,41492.773,0
41333.020,72204.695,71942.062,54797.852,48967.664,61548.926,53018.965,51964.879,41484.996,0
41333.020,72219.719,71954.203,54819.621,48975.891,61571.211,53041.383,51988.168,41507.836,0
41333.021,72213.883,71949.281,54828.762,48972.090,61579.770,53034.566,51996.773,41517.672,0
41333.021,72191.977,71928.539,54806.387,48955.750,61555.430,53015.523,51971.293,41498.605,0
41333.021,72187.195,71919.352,54782.875,48947.816,61539.516,53006.023,51944.156,41473.035,0
41333.022,72195.758,71931.469,54782.652,48952.242,61544.969,53011.699,51945.477,41470.109,0
41333.022,72201.922,71953.688,54811.641,48968.270,61564.930,53025.914,51975.270,41498.070,0
41333.023,72204.695,71975.055,54829.453,48967.664,61574.094,53029.648,51994.316,41517.137,0
41333.023,72198.016,71947.273,54816.246,48958.457,61566.738,53015.277,51982.848,41506.766,0
41333.023,72196.000,71931.625,54795.078,48954.098,61553.441,53019.566,51965.035,41484.258,0
41333.024,72204.828,71953.688,54792.707,48962.301,61559.453,53040.289,51967.762,41483.832,0
41333.078,72220.211,71963.586,54817.004,48978.461,61577.402,53040.555,51998.516,41512.152,0
41333.079,72231.180,71965.328,54840.070,48981.590,61592.871,53037.426,52017.965,41531.352,0
41333.079,72212.984,71951.180,54824.336,48968.312,61582.008,53030.543,51999.703,41516.375,0
41333.079,72199.734,71939.492,54798.922,48955.262,61555.430,53016.215,51970.109,41487.586,0
41333.080,72211.867,71964.656,54800.195,48960.109,61561.980,53019.656,51970.578,41485.484,0
41333.080,72227.516,71978.945,54829.254,48977.723,61584.488,53040.957,52002.316,41513.805,0
41333.080,72238.109,71982.516,54855.539,48987.066,61602.793,53043.262,52026.680,41534.301,0
41333.081,72234.711,71979.281,54842.711,48977.789,61583.883,53029.738,52013.066,41517.984,0
41333.081,72237.219,71977.867,54818.367,48971.375,61564.168,53024.016,51985.641,41488.996,0
41333.082,72235.828,71982.500,54811.754,48978.125,61570.293,53029.582,51982.984,41481.305,0
41333.082,72244.906,72001.562,54835.980,48982.461,61589.809,53040.465,52005.336,41499.164,0
41333.082,72244.031,72008.805,54851.539,48979.223,61597.539,53048.246,52018.879,41515.148,0
41333.083,72237.797,71979.906,54833.367,48971.621,61585.695,53038.590,52004.730,41509.023,0
41333.083,72230.219,71964.211,54808.133,48961.988,61562.316,53028.910,51978.402,41485.375,0
41333.083,72221.258,71971.453,54802.410,48968.625,61556.727,53020.996,51971.090,41481.730,0
41333.138,72223.984,71980.125,54821.074,48976.672,61571.770,53038.031,51994.246,41502.539,0
41333.138,72228.836,71984.867,54843.582,48980.473,61590.789,53050.258,52013.918,41525.922,0
41333.139,72227.047,71986.609,54827.355,48972.023,61575.277,53041.023,51997.332,41514.500,0
41333.139,72220.406,71987.906,54803.078,48964.023,61553.777,53031.367,51971.004,41486.648,0
41333.139,72217.992,71984.555,54793.336,48961.785,61552.211,53037.961,51965.637,41477.664,0
41333.139,72232.922,71990.562,54820.023,48973.434,61575.301,53051.621,51993.578,41504.598,0
41333.139,72245.844,71992.664,54841.973,48978.773,61592.422,53038.746,52012.375,41527.953,0
41333.139,72235.766,71987.656,54828.582,48970.348,61580.129,53024.664,51995.945,41515.215,0
41333.139,72220.164,71988.711,54806.164,48969.676,61561.578,53023.969,51972.566,41494.648,0
41333.139,72224.836,72000.062,54795.613,48971.129,61558.871,53019.457,51969.348,41488.594,0
41333.139,72240.500,72004.336,54823.824,48981.590,61577.402,53032.242,52000.598,41512.910,0
41333.139,72240.930,72012.562,54848.117,48984.539,61597.965,53042.320,52022.656,41530.727,0
41333.140,72224.211,72013.500,54825.609,48968.984,61583.102,53034.902,52006.562,41512.820,0
41333.140,72222.820,72006.953,54806.367,48960.266,61568.617,53024.617,51989.555,41488.324,0
41333.140,72236.656,72006.078,54808.914,48964.918,61575.234,53020.641,51992.078,41484.121,0
41333.199,72248.281,72016.469,54832.652,48976.941,61597.160,53025.648,52019.574,41509.781,0
41333.199,72250.273,72015.531,54852.188,48975.109,61613.121,53032.801,52033.723,41525.250,0
41333.199,72242.758,72015.445,54840.207,48971.777,61604.516,53038.254,52016.621,41512.844,0
41333.199,72236.906,72024.000,54817.609,48969.363,61588.758,53025.734,51988.191,41486.246,0
41333.199,72246.914,72015.195,54815.551,48974.707,61586.945,53034.566,51984.660,41481.688,0
41333.199,72257.688,72031.383,54840.742,48985.883,61602.949,53040.711,52013.469,41510.027,0
41333.199,72264.086,72034.398,54862.312,48986.977,61622.551,53044.871,52034.527,41535.309,0
41333.199,72266.969,72014.484,54842.352,48974.594,61611.043,53032.777,52012.039,41522.434,0
41333.199,72258.359,72008.070,54812.648,48960.648,61587.168,53015.855,51977.574,41495.609,0
41333.199,72245.914,72019.000,54801.805,48960.133,61578.855,53018.496,51966.598,41489.309,0
41333.199,72258.250,72026.039,54824.047,48975.176,61603.398,53029.023,51991.207,41514.430,0
41333.199,72262.633,72029.656,54845.281,48981.703,61614.215,53036.398,52013.090,41539.555,0
41333.199,72257.938,72024.875,54827.777,48968.000,61599.238,53036.309,51996.820,41524.848,0
41333.199,72244.055,72018.930,54806.098,48966.414,61583.840,53030.832,51974.199,41498.562,0
41333.200,72252.258,72017.141,54807.371,48970.059,61583.125,53018.137,51974.980,41494.629,0
41333.259,72261.422,72030.305,54834.438,48981.078,61603.398,53039.012,52003.434,41517.805,0
41333.260,72268.305,72041.977,54856.457,48983.176,61620.855,53045.406,52028.020,41539.219,0
41333.260,72261.445,72026.594,54839.199,48971.512,61607.645,53034.051,52013.047,41527.039,0
41333.260,72245.195,72024.117,54814.414,48962.457,61590.633,53022.406,51985.418,41499.320,0
41333.261,72245.758,72033.797,54801.023,48962.145,61582.141,53025.020,51976.211,41487.164,0
41333.261,72258.562,72054.781,54825.297,48971.020,61605.098,53037.023,52004.352,41510.586,0
41333.261,72258.969,72051.297,54849.570,48974.953,61631.227,53035.102,52028.422,41537.430,0
41333.262,72251.367,72050.219,54833.723,48964.758,61616.027,53031.703,52011.684,41526.145,0
41333.262,72247.719,72050.695,54816.000,48964.828,61599.754,53025.000,51989.664,41499.992,0
41333.262,72262.141,72054.984,54812.512,48970.637,61603.934,53033.336,51988.793,41490.918,0
41333.263,72275.438,72062.984,54838.730,48980.070,61621.883,53044.734,52014.992,41509.672,0
41333.263,72279.414,72068.688,54865.957,48988.363,61638.332,53056.426,52039.758,41532.918,0
41333.264,72275.773,72059.188,54844.898,48974.438,61626.891,53049.832,52017.180,41514.855,0
41333.264,72258.180,72069.672,54814.012,48959.730,61606.191,53031.594,51981.863,41483.316,0
41333.264,72262.047,72079.930,54806.121,48962.906,61602.102,53039.527,51975.340,41478.043,0
41333.319,72285.117,72076.125,54830.059,48971.844,61617.457,53051.039,51996.996,41500.910,0
41333.319,72292.719,72082.273,54853.594,48977.008,61637.684,53048.492,52016.734,41522.590,0
41333.319,72272.711,72081.227,54834.082,48968.156,61618.754,53038.074,51998.898,41510.586,0
41333.320,72263.148,72086.836,54804.555,48958.770,61585.449,53027.121,51966.664,41481.910,0
41333.320,72277.430,72085.648,54800.398,48964.402,61588.289,53039.461,51964.812,41480.656,0
41333.320,72294.172,72073.492,54821.742,48971.375,61610.215,53057.879,51990.156,41507.547,0
41333.321,72291.688,72077.180,54840.340,48974.863,61625.523,53053.094,52011.234,41532.246,0
41333.321,72268.938,72070.875,54826.215,48963.641,61612.293,53030.004,52001.805,41524.578,0
41333.321,72259.945,72062.336,54801.785,48952.711,61592.758,53021.535,51976.277,41493.758,0
41333.322,72267.750,72071.766,54798.117,48956.266,61595.105,53023.277,51967.785,41478.824,0
41333.322,72279.711,72087.547,54826.883,48967.062,61617.746,53036.422,51993.020,41499.547,0
41333.323,72284.961,72098.078,54851.227,48974.551,61637.684,53045.293,52015.438,41523.035,0
41333.323,72283.016,72093.336,54836.539,48966.727,61627.871,53035.684,52000.418,41510.027,0
41333.323,72276.711,72086.367,54809.203,48953.918,61608.852,53022.652,51971.562,41480.457,0
41333.324,72288.469,72093.070,54808.488,48954.613,61609.812,53031.523,51973.660,41476.969,0
41333.378,72304.516,72134.242,54836.449,48974.059,61632.836,53053.273,52005.781,41508.195,0
41333.378,72305.344,72152.281,54858.312,48976.852,61650.402,53056.133,52026.859,41532.895,0
41333.378,72292.828,72130.625,54843.445,48971.488,61642.781,53047.305,52016.332,41526.344,0
41333.378,72278.969,72114.195,54814.168,48957.340,61617.254,53027.012,51982.426,41496.012,0
41333.378,72278.367,72096.000,54805.828,48959.977,61610.773,53039.641,51972.121,41486.918,0
41333.378,72302.508,72104.516,54828.605,48970.414,61631.559,53044.848,51994.203,41507.590,0
41333.379,72305.391,72119.711,54858.176,48979.848,61656.125,53053.742,52021.137,41531.129,0
41333.379,72293.320,72100.469,54841.102,48969.297,61644.055,53056.984,52010.496,41521.227,0
41333.379,72287.617,72096.758,54814.793,48966.078,61618.484,53039.012,51982.336,41493.422,0
41333.379,72291.352,72105.406,54807.238,48963.016,61612.336,53030.027,51972.699,41479.809,0
41333.379,72300.273,72131.273,54832.113,48969.543,61631.672,53044.266,52001.781,41501.801,0
41333.379,72301.188,72122.773,54854.109,48972.402,61643.785,53048.133,52024.332,41525.922,0
41333.379,72290.328,72106.977,54834.484,48961.742,61632.566,53033.402,52008.375,41517.047,0
41333.379,72269.562,72100.672,54810.188,48954.926,61607.824,53024.910,51984.367,41492.102,0
41333.379,72281.766,72098.703,54805.719,48956.602,61605.633,53029.828,51979.273,41484.906,0
41333.438,72286.477,72119.578,54821.988,48959.930,61620.652,53035.840,51998.270,41502.676,0
41333.438,72273.766,72113.742,54841.055,48965.160,61635.605,53042.613,52015.012,41521.965,0
41333.438,72269.875,72101.656,54829.855,48962.367,61629.906,53039.906,52005.312,41515.148,0
41333.439,72271.078,72091.570,54806.500,48954.770,61603.242,53028.887,51977.887,41491.609,0
41333.439,72277.469,72099.555,54802.945,48955.172,61597.742,53034.945,51972.902,41484.457,0
41333.439,72300.828,72117.930,54831.242,48970.059,61628.520,53052.023,52003.926,41508.867,0
41333.439,72305.617,72125.031,54853.328,48974.641,61648.703,53050.211,52024.535,41528.379,0
41333.439,72293.094,72117.453,54835.312,48958.836,61635.895,53040.488,52005.289,41513.871,0
41333.439,72272.086,72114.906,54801.695,48944.332,61603.891,53026.766,51971.695,41486.516,0
41333.439,72288.250,72127.914,54797.113,48948.422,61600.109,53023.031,51966.621,41477.574,0
41333.439,72304.094,72140.031,54823.219,48961.922,61622.730,53036.062,51991.969,41499.301,0
41333.439,72305.211,72146.828,54847.113,48969.586,61639.605,53051.867,52014.543,41524.645,0
41333.439,72292.984,72119.555,54831.645,48960.223,61620.117,53055.172,51998.516,41511.859,0
41333.439,72282.883,72107.664,54806.344,48958.969,61602.949,53043.125,51974.711,41489.711,0
41333.439,72287.039,72116.203,54804.020,48962.793,61609.008,53037.426,51973.504,41483.609,0
41333.499,72300.383,72133.703,54832.695,48981.121,61634.242,53057.789,52003.301,41511.438,0
41333.499,72305.656,72144.750,54852.543,48978.641,61646.043,53055.664,52020.801,41529.117,0
41333.500,72296.453,72130.398,54837.031,48964.426,61627.516,53038.766,52006.227,41517.426,0
41333.500,72288.047,72108.719,54812.938,48952.914,61605.812,53032.844,51984.211,41493.398,0
41333.500,72289.383,72114.531,54806.680,48958.078,61602.324,53030.387,51984.191,41488.727,0
41333.501,72305.234,72128.227,54825.098,48967.328,61617.547,53037.246,52006.184,41509.180,0
41333.501,72306.594,72141.305,54850.266,48970.125,61631.785,53045.496,52026.992,41530.613,0
41333.502,72302.281,72129.883,54844.094,48962.770,61632.855,53038.590,52018.812,41524.871,0
41333.502,72290.617,72121.617,54815.285,48958.836,61617.547,53041.496,51993.621,41502.047,0
41333.503,72305.281,72144.523,54809.184,48963.910,61607.242,53045.203,51987.922,41498.004,0
41333.504,72323.406,72153.445,54827.531,48968.246,61616.898,53043.996,52003.324,41515.816,0
41333.504,72327.453,72154.516,54852.590,48976.137,61639.496,53054.570,52020.578,41538.438,0
41333.505,72297.453,72128.875,54832.496,48962.703,61629.371,53043.641,51996.328,41520.512,0
41333.505,72287.914,72105.633,54805.516,48951.348,61600.895,53031.281,51965.281,41488.055,0
41333.506,72294.352,72107.891,54796.219,48950.453,61590.457,53031.770,51958.484,41475.539,0
41333.559,72295.133,72128.070,54820.535,48961.340,61614.840,53041.785,51986.336,41498.562,0
41333.559,72295.914,72126.914,54843.492,48962.258,61629.793,53059.152,52010.922,41521.629,0
41333.559,72297.609,72113.031,54829.164,48951.059,61623.625,53060.875,52002.137,41510.789,0
41333.559,72299.156,72127.695,54807.395,48950.855,61607.352,53033.605,51978.602,41486.691,0
41333.559,72286.953,72137.258,54798.496,48952.332,61596.961,53032.598,51971.918,41477.820,0
41333.560,72303.688,72144.523,54827.891,48971.129,61624.387,53055.352,52003.031,41506.453,0
41333.560,72312.141,72133.727,54846.422,48974.527,61638.488,53051.375,52021.316,41529.141,0
41333.560,72312.609,72124.203,54827.285,48961.719,61623.090,53038.566,52003.500,41519.035,0
41333.560,72315.336,72113.656,54807.797,48950.926,61601.496,53028.754,51975.203,41489.086,0
41333.560,72313.102,72114.531,54804.488,48956.199,61596.469,53033.156,51969.438,41480.168,0
41333.560,72327.203,72129.750,54823.375,48964.625,61623.559,53045.516,51994.137,41499.680,0
41333.560,72326.133,72128.859,54849.191,48971.309,61644.637,53052.828,52018.590,41523.527,0
41333.561,72311.156,72118.508,54837.727,48963.016,61636.590,53044.109,52007.055,41517.246,0
41333.561,72304.227,72115.734,54813.273,48956.199,61615.734,53043.328,51982.512,41490.961,0
41333.561,72302.727,72126.086,54808.176,48962.344,61616.449,53046.793,51977.281,41482.984,0
41333.619,72310.484,72132.703,54831.332,48977.992,61636.344,53057.766,52002.875,41508.395,0
41333.620,72315.000,72135.297,54852.141,48980.113,61650.672,53062.660,52023.305,41532.445,0
41333.620,72309.344,72131.805,54836.539,48966.703,61639.695,53055.508,52008.441,41522.859,0
41333.621,72305.297,72129.258,54811.371,48957.117,61613.789,53038.922,51980.188,41495.836,0
41333.621,72312.656,72121.125,54805.090,48956.691,61606.707,53039.816,51970.957,41484.859,0
41333.621,72319.273,72137.078,54828.449,48971.512,61632.992,53062.617,51997.555,41509.938,0
41333.622,72317.906,72149.422,54858.066,48980.965,61658.383,53060.270,52025.832,41536.113,0
41333.622,72319.430,72149.711,54847.203,48975.062,61651.566,53059.195,52013.270,41525.922,0
41333.622,72311.422,72138.422,54813.496,48964.805,61626.285,53049.383,51980.500,41495.051,0
41333.623,72311.227,72130.508,54807.684,48965.879,61617.457,53040.355,51977.707,41487.320,0
41333.623,72314.688,72144.789,54840.051,48987.469,61646.738,53054.258,52011.930,41515.617,0
41333.623,72323.297,72158.742,54869.309,48998.465,61669.043,53063.289,52038.168,41540.070,0
41333.624,72316.609,72156.328,54857.238,48986.062,61666.207,53048.043,52025.160,41528.895,0
41333.625,72316.031,72155.547,54835.000,48977.477,61650.203,53038.633,52001.734,41502.719,0
41333.625,72325.125,72159.273,54831.398,48980.676,61653.777,53040.332,52000.016,41496.594,0
41333.679,72347.273,72176.891,54860.012,48994.867,61684.086,53055.910,52027.953,41524.625,0
41333.679,72356.375,72183.797,54885.336,48997.148,61707.223,53062.371,52048.988,41546.840,0
41333.679,72349.422,72175.750,54873.219,48985.168,61704.090,53048.512,52038.797,41540.895,0
41333.680,72340.523,72165.086,54850.934,48976.762,61685.988,53034.477,52016.801,41518.633,0
41333.680,72341.266,72168.328,54841.414,48976.004,61680.355,53031.840,52010.207,41508.910,0
41333.680,72356.148,72181.406,54862.648,48988.453,61703.309,53042.230,52034.457,41531.664,0
41333.681,72360.508,72190.969,54885.625,48990.867,61720.074,53047.371,52050.352,41547.156,0
41333.681,72356.305,72184.336,54873.062,48982.441,61714.820,53037.918,52038.414,41539.109,0
41333.682,72355.281,72177.359,54853.840,48978.527,61701.387,53028.105,52017.648,41519.215,0
41333.682,72359.031,72180.711,54845.215,48980.047,61693.430,53028.598,52007.883,41510.988,0
41333.683,72379.172,72195.602,54871.746,48995.246,61720.074,53044.133,52036.246,41536.203,0
41333.683,72392.719,72208.453,54903.395,49007.965,61745.195,53057.855,52063.047,41562.688,0
41333.684,72385.094,72205.547,54888.867,48999.023,61727.336,53048.535,52045.879,41549.859,0
41333.684,72370.453,72189.117,54858.961,48983.715,61702.238,53036.309,52013.852,41518.344,0
41333.685,72364.555,72186.258,54846.891,48978.395,61696.312,53037.426,52003.254,41507.680,0
41333.738,72382.391,72194.391,54869.621,48988.789,61714.262,53048.090,52031.867,41537.207,0
41333.738,72395.648,72202.688,54897.203,48993.504,61735.027,53052.895,52058.418,41565.102,0
41333.739,72380.602,72193.141,54878.742,48977.703,61719.715,53033.449,52039.309,41549.523,0
41333.739,72374.992,72188.398,54852.434,48971.285,61700.539,53026.676,52010.496,41524.133,0
41333.739,72371.531,72191.641,54848.746,48976.965,61702.570,53036.578,52005.961,41514.633,0
41333.739,72404.656,72223.383,54883.992,48999.875,61739.945,53063.891,52041.051,41540.852,0
41333.739,72412.836,72230.086,54913.297,49008.590,61765.895,53062.348,52063.160,41560.633,0
41333.739,72396.203,72228.742,54903.328,48996.902,61753.691,53047.688,52053.996,41549.613,0
41333.739,72398.125,72233.688,54887.055,48997.484,61736.613,53052.426,52039.398,41534.211,0
41333.739,72397.609,72221.102,54868.234,48988.742,61726.891,53043.910,52025.070,41518.836,0
41333.740,72411.586,72233.531,54887.816,48998.645,61748.414,53053.922,52049.410,41539.734,0
41333.740,72408.117,72242.336,54917.746,49010.023,61765.582,53062.191,52079.586,41571.762,0
41333.740,72407.875,72243.430,54911.105,49004.680,61760.395,53053.297,52073.016,41569.238,0
41333.740,72392.719,72236.594,54880.262,48988.297,61734.715,53036.734,52040.582,41538.816,0
41333.740,72390.727,72225.148,54867.363,48983.020,61725.996,53035.840,52029.184,41523.148,0
41333.799,72408.562,72233.555,54885.289,48993.258,61741.957,53049.207,52048.070,41537.387,0
41333.799,72418.289,72246.938,54917.922,49005.395,61767.078,53070.105,52073.844,41563.160,0
41333.800,72412.945,72248.547,54903.461,48997.125,61750.449,53062.168,52059.941,41549.590,0
41333.800,72412.297,72236.656,54874.293,48983.512,61732.145,53038.520,52027.887,41515.930,0
41333.800,72417.148,72242.000,54866.559,48991.625,61734.559,53046.523,52022.523,41508.664,0
41333.801,72428.055,72267.992,54898.566,49015.656,61759.973,53066.348,52056.430,41541.902,0
41333.801,72428.055,72290.797,54927.871,49024.148,61776.938,53080.098,52080.637,41573.617,0
41333.802,72404.922,72259.617,54899.707,48997.996,61750.359,53056.672,52052.832,41550.195,0
41333.802,72392.961,72250.383,54870.582,48981.992,61731.184,53051.262,52021.047,41519.551,0
41333.803,72404.539,72251.656,54871.207,48998.445,61739.297,53057.543,52021.762,41523.172,0
41333.803,72415.898,72266.383,54890.496,49011.027,61753.422,53064.719,52043.199,41545.031,0
41333.803,72427.523,72274.031,54921.164,49019.812,61771.930,53075.648,52070.914,41573.059,0
41333.804,72419.539,72265.852,54909.027,49007.875,61759.793,53065.008,52058.309,41564.277,0
41333.804,72411.406,72259.102,54882.449,48992.633,61735.539,53048.469,52029.473,41536.805,0
41333.804,72415.539,72264.930,54877.043,48995.270,61736.883,53049.965,52024.734,41532.090,0
41333.859,72430.672,72280.086,54899.148,49008.660,61758.875,53062.617,52048.742,41552.027,0
41333.859,72449.984,72299.375,54936.543,49025.223,61788.203,53080.320,52083.188,41579.855,0
41333.860,72457.273,72296.961,54935.648,49029.176,61791.332,53087.113,52083.027,41580.391,0
41333.860,72438.828,72273.203,54894.051,49006.848,61756.664,53061.453,52042.617,41540.336,0
41333.860,72438.719,72273.383,54881.312,49001.504,61745.598,53051.953,52032.648,41524.242,0
41333.861,72442.672,72284.805,54899.996,49008.992,61763.859,53062.750,52058.418,41546.438,0
41333.861,72435.547,72288.227,54921.031,49009.105,61776.848,53062.348,52084.461,41575.543,0
41333.862,72429.938,72290.438,54915.062,49008.680,61773.137,53063.020,52078.223,41574.043,0
41333.862,72442.805,72299.492,54900.555,49014.312,61766.789,53066.191,52057.371,41555.223,0
41333.862,72453.758,72308.672,54893.223,49020.125,61761.043,53068.742,52050.215,41553.547,0
41333.863,72460.469,72316.609,54904.469,49022.359,61769.785,53075.379,52061.102,41566.242,0
41333.863,72457.562,72315.695,54922.102,49020.102,61777.137,53075.090,52073.887,41577.820,0
41333.863,72453.203,72310.641,54911.555,49009.375,61772.441,53069.367,52055.535,41563.473,0
41333.864,72448.016,72303.109,54886.742,48998.848,61758.227,53058.660,52024.691,41533.699,0
41333.864,72465.320,72322.180,54890.945,49011.207,61770.188,53071.492,52030.121,41532.535,0
41333.919,72470.992,72328.680,54902.680,49016.750,61776.488,53079.762,52048.449,41547.066,0
41333.919,72486.867,72346.250,54937.816,49030.316,61802.730,53093.016,52083.297,41579.766,0
41333.919,72484.047,72342.898,54932.051,49025.109,61798.840,53087.652,52074.020,41572.836,0
41333.920,72460.938,72323.562,54888.309,48999.113,61764.285,53067.625,52026.434,41525.941,0
41333.920,72469.406,72335.211,54885.469,49007.562,61761.289,53075.180,52026.613,41524.824,0
41333.920,72487.180,72354.477,54913.652,49028.664,61789.340,53094.043,52057.660,41554.598,0
41333.920,72493.727,72364.422,54943.316,49037.469,61817.707,53101.688,52085.176,41586.359,0
41333.920,72480.117,72366.297,54932.945,49030.273,61808.652,53093.508,52077.082,41581.418,0
41333.920,72471.266,72356.484,54901.340,49014.449,61775.641,53078.777,52040.809,41544.582,0
41333.920,72478.953,72361.383,54885.109,49006.445,61760.797,53075.133,52019.887,41522.680,0
41333.921,72503.938,72387.711,54918.012,49028.617,61797.344,53097.551,52054.887,41554.395,0
41333.921,72515.359,72396.984,54949.707,49040.332,61819.492,53114.742,52084.059,41583.855,0
41333.921,72507.023,72380.719,54932.117,49022.809,61808.676,53093.664,52067.023,41566.668,0
